6|74
10|151,241
13|143,524
21|176,213,225,337,438,657,675,718,729,747
24|123
25|524,638
27|56,140
28|12,20,29,33,90,121,152,190,442,524
31|463
33|269,322,553,576,645,654
34|72,90,134,205,225,269,270,280,310,406,442,728
44|57
46|79,313
47|406,671
50|524
53|89
57|84,230,434,693,746
58|17,717
62|82,84,89,118,128,214,398,521,580,625,638,642,709
64|5,25,88,89,156,217,354,381,383,451,524,549,589,638,736,760
66|16,201,570,635,640
67|59,90,155,227,330
68|570
69|141,339,406,470,541,678
71|473,590
72|724
74|51,107,267,297,431,433,468,483,488,524,559,669,731
75|1,6,11,113,250,307,457
76|388,612,690,746
77|58,90,182,213,437,456,490,513,548,558,574,715,722,764
80|71,126
81|22,28,388,640
82|232,404,620
83|4,273,506,524,532,535
84|11,390
87|156,230,237,405
91|163
94|230,240,291,390,772
96|128,262,383,457,590,601
98|214,664
106|305,352
110|70,787,790
114|603
116|322
120|143,483
123|22,30,46,67,72,74,84,85,113,123,161,223,234,249,283,341,354,357,367,368,369,371,379,386,388,420,476,503,504,505,597,633,634,637,641,734,745
125|459
129|52,580,625,642,655
130|105
131|500
132|220,319,485,521,700
133|174,253,325,489
135|84
137|67
141|7,614
142|5,10,15,21,22,30,34,38,45,46,47,53,56,59,64,66,67,68,72,74,78,79,80,81,82,83,84,85,86,87,88,89,96,114,116,117,118,119,123,129,130,131,143,144,145,147,148,155,156,157,158,159,160,161,162,163,169,170,176,177,178,181,182,183,184,185,186,187,196,216,217,218,219,220,221,222,223,224,225,226,227,228,229,230,231,232,233,234,235,236,251,260,261,262,263,264,268,273,274,275,276,277,278,279,280,281,282,283,284,285,295,299,304,306,307,308,315,316,333,334,335,336,337,338,339,340,341,342,343,344,345,346,347,348,349,350,351,352,353,354,355,356,362,365,383,384,385,386,387,397,398,399,400,401,413,418,429,434,435,436,437,438,439,440,441,442,443,444,445,446,447,448,449,450,451,452,453,454,461,495,496,497,498,499,500,523,524,562,563,586,587,588,589,590,591,592,593,594,595,596,597,598,599,600,601,602,603,604,605,606,607,608,609,610,611,612,613,614,615,616,617,618,619,620,621,622,673,674,677,691,721,722,723,724,725,745,756,757,758,780,799
143|72
144|745
146|269,270,406
147|325
148|243,508,719
149|299,314,342,409,524,623,648,715,798
151|424,446,783
153|230,561
154|113
155|22,24,38,90,132,168,172,190,237,249,345,388,575,640,700,758,763
158|11,147,176,222,403,478
159|430,547,584,585,657,675,766,769
161|501
162|28
171|784
177|79,90,212,217,233,388,448,468,517
178|66
179|630
181|5,10,15,21,22,26,30,32,34,38,45,46,47,51,53,56,58,59,61,62,63,64,65,66,67,68,71,72,74,77,78,79,80,81,82,83,84,85,86,87,88,89,90,91,94,95,96,97,98,103,106,107,114,115,116,117,118,119,123,125,126,127,128,129,130,131,132,137,143,144,145,146,147,148,153,155,156,157,158,159,160,161,162,163,168,169,170,172,173,174,175,176,177,178,180,181,182,183,184,185,186,187,188,192,194,195,196,198,210,211,212,214,215,216,217,218,219,220,221,222,223,224,225,226,227,228,229,230,231,232,233,234,235,236,237,238,239,242,245,246,247,248,249,251,253,254,255,256,257,258,260,261,262,263,264,268,269,271,272,273,274,275,276,277,278,279,280,281,282,283,284,285,286,287,289,293,294,295,296,297,300,301,302,303,304,305,306,307,308,311,312,314,315,316,318,319,320,321,322,323,324,325,329,330,331,332,333,334,335,336,337,338,339,340,341,342,343,344,345,346,347,348,349,350,351,352,353,354,355,356,357,358,359,360,362,367,369,377,378,381,382,383,384,385,386,387,388,389,390,391,392,397,398,399,400,401,402,403,413,418,420,421,422,423,424,425,426,429,430,431,432,433,434,435,436,437,438,439,440,441,442,443,444,445,446,447,448,449,450,451,452,453,454,455,456,457,458,461,463,468,469,474,475,483,484,485,486,487,488,489,494,495,496,497,498,499,500,501,502,503,504,510,512,513,514,517,518,519,520,521,522,523,524,525,526,527,528,535,537,541,542,547,548,549,554,555,556,557,558,559,560,561,562,563,568,569,570,571,572,573,574,575,576,577,578,579,580,581,582,583,584,585,586,587,588,589,590,591,592,593,594,595,596,597,598,599,600,601,602,603,604,605,606,607,608,609,610,611,612,613,614,615,616,617,618,619,620,621,622,623,624,625,626,627,628,629,630,631,632,633,634,635,636,637,638,639,640,641,642,644,645,669,673,674,676,677,678,679,683,691,692,693,694,695,696,697,698,699,700,701,702,703,704,705,713,714,715,716,717,718,719,720,721,722,723,724,725,726,727,728,729,731,737,738,752,753,756,757,758,759,760,761,762,763,764,765,766,767,768,769,770,771,772,797,798,799
183|463
186|73,283,292,770
187|406,538,539,551,622,720
189|348,350,559
190|287,451,535,583
191|406
195|605,621
197|34,45,59,68,82,87,97,98,114,117,128,155,159,163,180,183,226,228,229,233,262,263,285,308,356,359,385,387,401,413,418,433,446,457,497,504,517,518,519,580,585,586,626,634,635,637,640,642,714,727,730
198|383,592
199|11
201|352
203|292
204|215,287,487,522,769
207|459
208|28,177,380,477
209|21,218,219,286,287,357,386,390,436,604,623,633,709,734
210|53,245,269,357,381,430,525,526,527,554,555,560,623,624,625,626,710,726,727,728,729,750,752,784
213|384
218|11,85,149,156,256,257,258,323,377,378,425,436,497,571,578,661,667,704,727,784
224|11,67,81,84,130,196,272,354,671,723,754,786
225|8,11
227|696
228|768
230|615
232|89
234|690
235|691
237|517,759
238|570,729,730
240|84
244|329,512
248|380
251|237,598
252|276,314,330,331,359,418,437,518,521,583
254|772
255|392
260|117
264|71,332,441
268|84
276|357,462,525,526,527,531,554,555,560,623,624,625,626,675,726,727,728,729
278|22,178,367,450,535,585,614,622,678
284|531
285|288
292|292,325,390,613,646,651,662,755
296|423,573,699,767
297|16,62,91,94,95,96,106,125,127,172,173,198,211,213,254,257,258,270,271,289,294,302,303,311,314,318,320,360,377,403,421,422,427,430,475,476,484,485,513,514,532,541,548,572,573,574,575,580,625,626,642,678,679,696,697,698,699,700,760,761,762,763,764,765
298|5,21,112,153,154,224,353,536,785,787,788,789
300|20
301|557,683,752,753
305|249
308|85,589
311|288
313|229
316|43,315,459,490
317|476,532
320|226,342,584,636
324|38,46,768
327|526,740
328|161,234,284,582
331|110
333|199,204
341|726
345|471
347|710
353|685
357|4,34,39,59,67,68,81,117,121,130,196,261,496
360|102,150,243,265,288,319,482,507,508,546,553,564,565,654,767
364|11,16,92,154,213,269,270,321,326,499,553,596,654,709,710,711,768,783
367|38,524
376|623
377|288,696
378|558
380|512,676,694,695
382|402,499,600,614,681
384|671
385|139
386|285
391|462,531,590,675
393|12
401|79,110,143,158,176,235,275,276,318,319,402,423,431,458,524,557,605,638,682,717,738,767,768
402|129,197,512
408|524,525,733
410|521,614
411|288,312
412|137,256,301,420,462,474,512,531,535,537,547,556,571,621,675,676,694,695,765
413|166,244,394,407,415,417,459,465,506,515,533,534,538,539,550,551,643,649,650,655,659,660,661,663,666,667,668,672,680,686,687,706,707,708,732,739,740,741,742,746,747,748,749,750,751,773,774,775,776,777,778,780,781,782
415|251,499,631
417|59,130,170,403,636
419|38,114,147,276,301,329,351,383,547,611,718
420|187,217,223,237,797
422|111,244,317,406,566,567,671
424|17,23,27,40,48,50,60,73,75,76,93,99,100,101,104,105,108,109,110,120,122,124,133,134,135,138,141,142,149,151,189,197,200,201,202,203,205,206,207,208,209,240,241,291,299,309,310,363,366,372,373,375,376,404,408,409,414,464,466,467,470,471,472,473,478,479,480,481,511,529,530,540,543,544,545,552,647,648,652,653,664
425|129,157,216,360,469,499,535,581,584,588,626,715,729
426|12,109,156,164,166,209,240,250,268,372,383,388,399,438,490,504,540,561,593,717,758,784
427|262
428|72,402,718,774
429|477,742,779
430|356
431|24,374,528
432|112,136,360,405,715
433|74,243,508,784
436|31,35,36,37,41,49,52,54,55,73,79,81,100,103,119,161,176,180,189,194,195,212,214,222,237,307,318,359,411,497,506,532,535,582,621,631,702,703,709,719
437|512
438|122
439|215,355,442,451,716
442|63,96,125,289,294,303,786
446|11,22,46,85,98,157,193,276,285,352,505,509,701,783
447|89,90,236,403
449|216
453|344,626
454|698
461|520
462|531,697
468|86,108,113,152,162,176,178,200,225,238,250,263,281,287,298,373,382,443,458,466,499,507,544,571,599,606,618,631,650,715,726,729,738
469|427
472|4,41,90,121,322,395,411,576
473|656
477|656
480|38,69,84,113,221,237,321,421,487,704,710,729,761,770
482|417
483|288
488|763
489|288
490|396
492|60,111,153,195,202,218,288,317,405,452,462,505,531,566,675,734,737,745
493|1,3,9,14,18,25,39,42,43,56,57,69,74,78,90,131,156,165,171,193,225,232,235,269,298,364,395,411,469,509,524,587,590,670
494|316
495|89,535
498|669
504|117,159
506|20,34,38,57,127,202,211,275,286,343,386,484,496,499,524,590,621,633,639,711,772,783
507|524
508|560
509|26,369,535,584,607,619,628,640,713,715
513|235
516|45,74,129,162,218,236,263,275,436,455,499,625,633,639,642,728
517|577,679
518|626,759
521|292
522|103,385,502,745
523|214,318
524|0
528|587
530|89,111,112,136,292,313,317,567,671,730,735,736,737
533|759
538|38,367,676
540|210
542|120
544|233,258,571
545|7,53,305,384,575
548|10,247,533,573,741
549|25,64,90,307,369
550|156
551|338
552|45,74,90,162,213,218,236,263,269,275,345,426,436,455,499,502,580,625,633,639,642,728
553|156,276,281,293,358,418,458,606
555|42,112,342,384,728
556|74
557|326
559|470
560|56,396,650
562|11,178,276,348,348,350,382,490,522,524,785
565|11,16,92,154,213,215,269,270,326,522,580,625,642,709,710,711,783
567|196
568|270,427,690
570|132
571|0,1,2,3,4,6,9,12,14,18,20,24,25,29,31,32,33,35,36,37,39,41,42,43,49,51,52,54,55,57,58,62,63,69,89,91,94,95,96,106,107,121,125,127,137,139,140,165,171,172,173,179,190,191,192,193,194,195,198,211,212,245,250,252,254,256,257,258,266,267,271,289,290,294,297,298,301,302,303,304,311,314,318,319,320,321,322,323,324,364,370,374,377,378,391,395,411,419,420,421,422,423,424,425,468,474,475,484,485,486,487,488,509,512,513,514,537,541,542,547,548,549,556,557,558,559,571,572,573,574,575,576,577,578,579,644,645,665,670,676,678,679,685,694,695,696,697,698,699,700,701,702,703,704,705,731,737,738,760,761,762,763,764,765,766,767,768,769,770,771
572|330,416
574|311
576|11,32,112,136,152,567,572,671,719
578|49,614
579|90,98,129,147,155,227,236,256,284,432,583,651,684
580|77,283,373
581|370,504
582|40
584|265,421,482,761
587|393,656
588|75,238,269,296,320,367,390,399,402,456,502,503,521,631,632,633,634,635,636,637
590|626
592|5,16,22,38,45,46,47,56,78,79,83,84,85,86,87,88,89,98,116,128,143,155,159,213,226,227,228,229,230,231,232,236,269,270,393,426,427,524,617,618,619,784,786
593|182
594|536
597|84,88,106,257,336,384
598|89,166,222,244,276,369,394,407,415,417,459,465,506,512,515,533,534,538,539,550,551,563,574,593,643,649,650,655,659,660,661,663,666,667,668,671,672,676,680,686,687,694,695,706,707,708,732,739,740,741,742,746,747,748,749,750,751,773,774,775,776,777
600|354
603|567
610|406,519,569,622,723
611|362,400,506,532,677,754
612|79,84,630,746,786
614|238,296,307,367,402,456,502,503,631,632,633,634,635,636,637
617|4,736
618|346,384,543,759
619|38,212,257,377,451,556,592,716,747
623|419
625|27
626|153,692
628|74
632|188,366
633|3,35,37,84,391,458,573,749,751
634|237,718,774
637|435,504
638|159,301,547
645|86,127,130,187,228,277,307,460,475,559,578,605,637,646,681,688,689,720,724,737,763,784
646|566
648|74,452
649|365,524
650|46,404
653|61,64,279,375,441
654|249
655|11
660|489
661|62
665|196,596,745
668|557
669|114
671|665,702,703
673|515,660
674|527
676|109,131,369,376,526,570,626,635
677|90,95,163,226,354,499,604,784
679|38
682|56,305
684|38,84,106,111,156,245,271,310,317,382,405,513,519,537,544,548,597,644,701,714,736
685|48,50,92,101,111,127,156,207,317,358,405,479,484,566,571,638,759,784
686|251,639
688|114,188,418,534,536,557,730,735,736
689|12,20,29,33,61,71,90,121,190
690|377
691|555
693|279,375,414
694|137,301,464,474,486,512,537,547,556,676,694,695
696|5,7,8,10,11,13,15,16,19,21,22,26,30,32,34,38,44,45,46,47,51,53,56,58,59,61,62,63,64,65,66,67,68,70,71,72,74,77,78,79,80,81,82,83,84,85,86,87,88,89,90,91,92,94,95,96,97,98,103,106,107,111,112,113,114,115,116,117,118,119,123,125,126,127,128,129,130,131,132,136,137,143,144,145,146,147,148,152,153,154,155,156,157,158,159,160,161,162,163,164,166,167,168,169,170,172,173,174,175,176,177,178,180,181,182,183,184,185,186,187,188,192,194,195,196,198,199,204,210,211,212,213,214,215,216,217,218,219,220,221,222,223,224,225,226,227,228,229,230,231,232,233,234,235,236,237,238,239,242,244,245,246,247,248,249,251,253,254,255,256,257,258,259,260,261,262,263,264,268,269,270,271,272,273,274,275,276,277,278,279,280,281,282,283,284,285,286,287,288,289,292,293,294,295,296,297,300,301,302,303,304,305,306,307,308,311,312,313,314,315,316,317,318,319,320,321,322,323,324,325,326,327,328,329,330,331,332,333,334,335,336,337,338,339,340,341,342,343,344,345,346,347,348,349,350,351,352,353,354,355,356,357,358,359,360,361,362,365,367,368,369,371,377,378,379,380,381,382,383,384,385,386,387,388,389,390,391,392,393,394,396,397,398,399,400,401,402,403,405,406,407,410,412,413,415,416,417,418,420,421,422,423,424,425,426,427,428,429,430,431,432,433,434,435,436,437,438,439,440,441,442,443,444,445,446,447,448,449,450,451,452,453,454,455,456,457,458,459,460,461,462,463,465,468,469,474,475,476,477,483,484,485,486,487,488,489,490,491,492,493,494,495,496,497,498,499,500,501,502,503,504,505,506,510,512,513,514,515,516,517,518,519,520,521,522,523,524,525,526,527,528,531,532,533,534,535,536,537,538,539,541,542,547,548,549,550,551,554,555,556,557,558,559,560,561,562,563,566,567,568,569,570,571,572,573,574,575,576,577,578,579,580,581,582,583,584,585,586,587,588,589,590,591,592,593,594,595,596,597,598,599,600,601,602,603,604,605,606,607,608,609,610,611,612,613,614,615,616,617,618,619,620,621,622,623,624,625,626,627,628,629,630,631,632,633,634,635,636,637,638,639,640,641,642,643,644,645,646,649,650,651,655,656,657,658,659,660,661,662,663,666,667,668,669,671,672,673,674,675,676,677,678,679,680,681,682,683,684,686,687,688,689,690,691,692,693,694,695,696,697,698,699,700,701,702,703,704,705,706,707,708,709,710,711,712,713,714,715,716,717,718,719,720,721,722,723,724,725,726,727,728,729,730,731,732,733,734,735,736,737,738,739,740,741,742,743,744,745,746,747,748,749,750,751,752,753,754,755,756,757,758,759,760,761,762,763,764,765,766,767,768,769,770,771,772,773,774,775,776,777,778,779,780,781,782,783,784,785,786,787,788,789,790,791,792,793,794,795,796,797,798,799
697|683
698|92,98,115,219,236,295,351,352,384,448,557,614,726
701|13,70,167,259,327,328,361,410,428,491,492,493,516,658,712,744,790,791,792,793,794,795,796
702|162,300,430,450,458,605,749,750,751,752,753
707|169,206,478,513,529,548
708|156
709|251
710|307,383,634
711|65,130,238,272,433
712|85,144,234,332,439
714|560,649,680,687,688,689,706,707,739,774,777
715|268,415,578,659,750,752
716|417
717|382,396,604,615,724,728,764
719|86,153
723|426,580
726|11,595
727|784
728|384,530,647
729|164,199,204,657,662,781,782
730|22,46,53,83,85,98,104,157,177,263,276,285,352,449,585,615
731|444,673
734|11,645
735|557
738|754
741|67,220,671,715
742|390
743|32,51,58,63,107,192,194,195,212,297,304,321,322,323,324,378,391,424,425,468,486,487,488,542,549,558,559,576,577,578,579,645,701,702,703,704,705,731,769,770,771
747|5,34,65,87,91,94,95,96,116,125,145,180,183,192,194,195,196,217,231,242,245,247,268,271,289,301,302,303,312,314,331,357,360,367,368,369,378,379,381,387,391,392,403,420,422,425,427,486,488,513,520,526,535,541,542,547,549,556,558,577,584,590,619,624,632,633,635,641,644,645,678,679,697,701,705,713,719,720,727,731,738,760,765,766,768,769,772
752|147,241,435,490,628,653
754|405,474
755|418
756|119,713,772
757|258,571,734
758|275,288,759
759|114,123,198,236,238,283,348,367,525,526,527,550,590,592,605,709,786
761|5,10,11,15,21,22,30,34,38,45,46,47,53,56,59,64,66,67,67,68,72,74,78,79,80,81,82,83,84,85,86,87,88,89,89,114,116,117,118,119,123,129,130,131,143,144,145,147,148,155,156,157,158,159,160,161,162,163,169,170,176,177,178,180,181,182,183,184,185,186,187,196,216,216,217,218,219,220,220,221,222,223,224,225,226,227,228,229,230,231,232,233,234,235,236,251,260,261,262,263,264,268,273,274,275,276,277,278,279,280,281,282,283,284,285,287,295,304,306,307,308,315,316,333,334,335,336,337,338,339,340,341,342,343,344,345,346,347,348,349,350,351,352,353,354,355,356,362,371,383,384,385,386,387,389,397,398,399,400,401,413,418,429,430,433,434,435,436,437,438,439,440,441,442,443,444,445,446,447,448,449,450,451,452,453,454,458,461,495,496,497,498,499,500,522,523,524,535,562,563,584,585,586,587,588,589,590,591,592,593,594,595,596,597,598,599,600,601,602,603,604,605,606,607,608,609,610,611,612,613,614,615,616,617,618,619,620,621,622,623,653,673,674,677,684,691,715,721,722,723,724,725,743,756,757,758,779,797,799
764|210,475
767|17,23,27,40,48,50,60,73,75,76,93,99,100,101,104,105,108,109,110,120,122,124,133,134,135,138,141,142,149,151,189,197,200,201,202,203,205,206,207,208,209,240,241,291,299,309,310,363,366,372,373,375,376,404,408,409,414,464,466,467,470,471,472,473,478,479,480,481,511,529,530,540,543,544,545,552,647,648,652,653,664
769|101,119
771|83,507,585,624
772|736
775|614,682
776|156,211,381,424,475,484,622,638,717,762,771
777|21,229,390,638
779|74,441,784
782|416
783|380,501,600,758
786|31,242
787|11,384,423,573,699,767
790|292,313,568,730,735,736
791|56,786
795|51,95,107,297,468,488,559,663,669,731
799|11,42,86,112,171,174,241,253,277,304,306,325,354,381,382,384,388,416,489,527,541,545,573,595,598,618,625,640,642,652,711,721,738,754,772
801|4
802|40,153,162,210,300,383,429,451,463,483,568,569,570,692,693,759
803|406
807|786
809|13,45,51,82,84,85,86,98,102,116,125,128,143,155,156,159,178,213,218,224,226,227,228,229,230,231,232,236,239,243,265,285,289,297,302,328,353,359,361,378,386,400,413,421,423,425,449,491,506,514,517,532,553,580,609,610,617,618,619,625,642,677,705,712,748,761,786,788,791,792,796
811|229,426,457,648
814|53,98,129,147,156,216,233,238,360,435,448,580,625,642,772
817|21,22,28,85,132,183,256,333,345,356,492,712,791
818|365
820|60,91,247,312,392,550,592,753
821|81,250,380,474,764
822|178,714
825|5,38,47,77,79,89,103,119,176,176,180,186,214,222,226,237,276,296,330,359,435,497,519,579,582,631,632,716,719,727
826|730,735
827|510
828|215,225,355,451,718,737
831|11,219
832|11,26,524
833|270,524
836|89
837|11,78,156,345,382,384,592,614,714,772
838|26,28,239,524,639,640,641,723
840|153,281,292,383,495,523,606,646,651,662,755
843|84,247,383,695
845|141,246,348,349,351,429,587,602,614
847|248,380,693
848|142
849|223,626
850|347
851|8,623
854|557
855|32,51,58,63,107,111,112,136,137,192,194,195,211,212,245,256,288,297,301,304,312,317,319,321,322,323,324,330,365,378,391,392,405,406,420,423,424,425,462,468,474,475,486,487,488,505,512,531,537,542,547,549,555,556,557,558,559,566,567,571,576,577,578,579,584,644,645,671,675,676,694,695,701,702,703,704,705,730,731,734,735,736,738,745,762,764,765,766,767,768,769,770,771,773,780
856|59,130,624,670
858|11
859|106,147,403,429,673,690,724
860|102,114,147,150,156,243,265,388,482,507,508,510,546,553,564,565,654
861|8,16,62,90,91,94,95,96,106,125,127,130,172,173,198,211,227,251,254,257,258,271,286,289,294,302,303,311,314,318,320,330,331,377,413,421,422,475,484,485,513,514,541,548,572,573,574,575,604,672,678,679,696,697,698,699,700,704,760,761,762,763,764,765
862|631
863|187,617
865|113,308,406,408,614,623,785
866|277,278
867|28,59,83,130,170,524,580,625,636,640,642,655
868|396
869|427,696
872|296,552
874|17,23,27,40,48,50,60,73,75,76,93,99,100,101,104,105,108,109,110,120,122,124,133,134,135,138,141,142,149,151,189,197,200,201,202,203,205,206,207,208,209,240,241,291,299,309,310,363,366,372,373,375,376,404,408,409,414,464,466,467,470,471,472,473,478,479,480,481,511,529,530,540,543,544,545,552,647,648,652,653,664
875|51,219,269,271,297,572,691
879|195,271,645
883|711
884|5,34,81,84,161,604,724
886|61,71,126,146,188,248,249,389,455,501,528,561,627,628,629,630,702,703,714
888|11,514,537
889|84,308,365
891|9,453
892|112,216,242,397,417,469,536,538,539,551
893|715
894|16,38,45,46,47,61,70,71,84,128,220,236,246,317,358,365,384,385,401,405,410,426,444,479,521,524,526,619,784,793,794
896|22,38,59,112,127,232,292,300,317,342,413,484,535,549,646,651,662,713,747,755,758,783,784
897|22,275,626,635
899|498,742,779
900|280,369,678
903|319
904|51,56,71,83,90,118,131,180,212,218,252,266,286,287,297,305,332,342,359,360,380,382,384,390,397,431,452,457,503,520,604,616,624,625,626,629,639,640,642,724,737,759
906|288,505
908|211,424,475,484,762,771
911|288,505
912|460,465
913|137,230,381,614,631,638,771
916|311
917|390
918|65,67,117,131,159,222,237,272,389,393,433,524,535,569,639,656,709
919|129,614
920|304,306,412
921|260,591
922|133,307
924|114,630
925|3,15,35,63,128,177,203,228,282,340,367,495,580,590,625,635,635,642,729
926|293,348,355,521,524,568
927|11,251,592
928|11,292,307,313,626,643,681,728,730,735,736
930|439,456
931|223,246
932|22,580,629,784
933|5,11,51,112,126,150,156,167,269,288,289,302,327,336,353,378,423,482,493,508,516,524,576,609,654,658,677,686,761,787,790
934|50,85,97,156,382,497,619,658,744,784,789
936|11,288,348,351
937|248,294,497,575,627,694
939|81,84,89,138,186,209,296,300,388,455,463,483,519,569,570,632,716,727,729
940|11,13,38,56,78,79,83,84,85,86,87,88,89,118,143,156,167,187,194,210,214,218,233,259,328,333,374,410,427,492,514,520,521,583,638,692,713,731,744,768,772
941|22,82,117,119,163,183,356,381,387,390,439
942|90,115,213,358,367,505,583,639
943|91,158,174,179,191,214,227,236,239,253,275,281,314,325,330,331,422,442,489,527,565,570,598,606,608,641,717
945|165,282,340,362,400,677
947|29,36,140,252,548,684,702,743,779
949|745
950|321,421,487,704,761,770
952|38,153,210,300,365,384,451,463,483,568,569,570,692,693,756,759
953|12,20,29,33,121,128,135,190,200,216,245,269,303,307,431,499,504,509,518,525,574,590,592,695
954|408
955|83,131,155,332,342,629,631
957|163,237,296,797
959|307
960|481
961|84,384
963|11,26,34,47,56,81,87,89,90,115,116,174,217,236,239,253,325,333,383,403,489,490,524,614,625,626,639,640,641,642,724,784,785
964|435,497,786
967|85,360,490,580,625,637,642,785
968|783
970|6
971|380,505
973|295,307
974|216
975|499
976|38,78,146,157,388,616,621,640,671
977|38,156,194,195,212,434,458,506,532,702,703
979|290,389
981|449
982|128,136,381,431,462,518,568,576,596
983|151,378,425,578
984|38,79,91,94,95,96,125,192,194,231,245,289,294,301,302,303,314,321,378,391,420,420,421,422,425,480,487,513,541,542,549,556,558,577,590,644,678,679,697,701,704,721,731,738,756,760,761,765,770,783,786
985|390
986|119,357,599,641
987|5,7,21,734
989|380,390
990|458,499,588,608,692,726
991|462,531,675
992|38,351
994|83,390,587
995|225,237,524
998|445,454,757
999|260,591
1000|568
1002|613
1003|94,320,403,674
1004|145,274,490,527
1005|11,132,330,581,783
1006|32,89,93,101,102,119,150,162,180,243,265,284,284,332,427,433,482,507,508,546,553,564,565,569,572,584,585,614,624,631,640,654,710,730
1008|77,115,276,715
1009|11,32,67,572
1011|56,393,426,592,622,771
1013|44,62,91,156,244,271,330,394,407,460,465,495,579,649,661,667,680,687,688,689,706,707,737,739,741,763,775,776,777,778,780,781,782
1014|626
1016|0,79,130,428,436,562,582,583,584,589,719,792,794
1017|367
1019|548,702,716
1021|171,193,274,386,754,767
1023|127,156,499,580,608,625,642
1026|640
1029|368,379,412,666,668,708
1033|264,287,451
1034|669
1035|566
1040|63,579
1046|514
1051|322,576
1052|215,319,485,700
1054|36,391,552,663,705,770
1056|78,759,784
1058|236,245,736
1059|714
1061|174,239
1062|568,767
1065|90
1068|136,251,273,334,358,398,458,462,473,592
1075|51,61,71,89,111,125,126,194,224,269,289,297,302,317,336,353,378,400,405,421,423,425,514,609,610,677,705,731,761
1078|631,696
1081|416
1082|288
1084|462,531,609,610,675
1086|51,114,147,230,271,297,329,351,432,572,611,637,715,718
1089|440,550,765
1091|0,1,2,3,4,6,9,12,14,17,18,20,23,24,25,27,29,31,33,35,36,37,39,40,41,42,43,48,49,50,52,54,55,57,60,69,73,75,76,84,93,99,100,101,104,105,108,109,110,120,121,122,124,133,134,135,138,139,140,141,142,149,151,165,171,179,189,190,191,193,197,200,201,202,203,205,206,207,208,209,240,241,250,252,266,267,290,291,298,299,309,310,341,363,364,366,370,372,373,374,375,376,383,395,404,408,409,411,414,419,464,466,467,470,471,472,473,478,479,480,481,483,509,511,529,530,540,543,544,545,552,647,648,652,653,664,665,670,685
1092|38,84
1094|759,778
1102|481
1103|21,33,90,123,238,287,504,558,638
1105|524
1109|440
1110|90,132,168,172,237,351,388,524,614,726
1114|358,457
1118|732
1119|38,58,206,243,329,508,558,568,621,624,760
1122|198,205,208,309,475,485
1124|16,82,84,162,354,426,433,457,504,585,604,640,724,728
1127|143,147,295,581,719,737
1128|53,184,383,729
1129|286,524,734
1132|156,511
1133|384
1134|5,74,88,89,102,150,173,175,237,307,316,383,388,423,555,580,625,642,715
1135|8,762
1136|168,172,254,255,406,469
1140|671,686,730,735,736
1141|369,526
1143|449,464
1145|497,730
1149|34,81,87,115
1151|499,631
1152|277
1154|6,38,111,135,138,177,270,272,284,295,317,357,360,395,409,431,462,494,521,525,531,584,585,602,648,675,764
1164|1,162,366,461,462,505,531,675
1166|171,284,357,360,584,585
1167|13,19,65,70,83,117,128,136,153,167,177,210,228,259,277,323,324,327,328,360,361,381,410,428,433,462,491,492,493,516,568,596,635,658,692,693,712,716,744,787,788,789,790,791,792,793,794,795,796
1169|125,289,294,368,371,379,496,599
1170|294,785
1171|89
1172|390
1177|68,345,406,754
1178|7,112,656
1183|11,162,561,691,724,728
1185|586,640
1192|11,41,398,497,592
1194|34,381,457,502,594,614
1197|320
1201|5,38,47
1203|26,343,369,535,584,619,628,640,713,715
1207|252,266,267,290,370,374,419,665,685
1209|127,394,407,484,535,594,715,772
1210|682,736
1215|281,412,525,606
1216|30,263,483,524,622,664
1218|8,107,396,703
1221|416,719
1223|672,753,754
1224|22,56,111,116,119,129,207,239,327,368,371,379,448,476,581,615,638,793,795
1225|11,16,26,34,59,65,67,68,81,82,115,115,124,130,131,152,177,180,196,214,232,233,235,248,249,251,270,272,276,295,326,354,360,381,386,426,433,442,504,510,521,568,583,585,587,588,604,678,715,720,723,743,766,786
1226|332,386,477
1227|257,262,288,342,377,397,535,592
1230|7,22,34,59,67,68,72,81,87,98,112,117,130,196,268,269,332,352,387,397,446,504,586,597,638,784,786,796
1232|66,169,177,449,510
1233|61,71,74,235,307,524,581
1235|13,70,102,150,167,243,259,265,327,328,361,410,428,482,491,492,493,508,516,553,614,654,658,712,744,787,788,789,790,791,792,793,794,795,796
1237|292,313,430,585,730,735,735,736,768
1238|111,278,288,307,317,405,417,462,505,507,531,536,566,571,666,668,675,708,734,745,767
1241|11,83,84,115,132,214,276,359,360,383,384,583,587,590,631,633,635
1242|219,263,286,348,393,424,587,591,615,633,715,730,735
1245|123,503
1248|83,129,332,624
1249|163,238,384,401,503
1251|229
1252|384
1254|11,58,61,62,71,111,112,126,136,146,152,156,157,188,248,249,288,312,317,322,365,389,392,405,406,416,451,455,462,501,505,512,514,528,531,561,566,567,574,627,628,629,630,671,675,676,694,695,698,734,745
1257|638
1258|263
1260|5,16,21,56,65,82,83,89,90,98,119,128,131,155,176,196,216,228,229,232,235,283,285,356,360,381,387,427,433,452,504,580,587,621,624,625,642
1261|0,1,2,3,4,6,9,12,14,17,18,20,21,23,24,25,27,29,31,33,35,36,37,39,40,41,42,43,44,48,49,50,52,54,55,57,60,69,73,75,76,93,99,100,101,104,105,108,109,110,120,121,122,124,133,134,135,138,139,140,141,142,149,151,165,171,176,179,189,190,191,193,197,200,201,202,203,205,206,207,208,209,240,241,250,252,266,267,290,291,298,299,309,310,326,355,363,364,366,370,372,373,374,375,376,395,404,408,409,411,414,419,460,464,466,467,470,471,472,473,478,479,480,481,509,511,529,530,540,543,544,545,552,588,646,647,648,652,653,664,665,670,681,685,688,689
1262|406
1264|75
1268|45,210
1271|251,301,358,458,499,524,535,546,547,738
1273|293
1275|312,392,416,719,748,772
1279|0,1,2,3,4,6,9,12,14,18,20,24,25,28,29,31,33,35,36,37,39,41,42,43,49,52,54,55,57,69,76,121,139,140,165,171,179,190,191,193,250,252,266,267,276,290,298,364,370,374,395,411,419,455,509,570,665,670,685
1282|312,392,660,732
1283|112,365
1286|614
1287|212,468,592
1289|280
1290|191
1296|503
1298|111,112,136,288,292,312,317,365,392,405,406,462,505,531,566,567,671,675,730,734,735,736,745
1303|9,33,192,321,461
1310|107,703
1312|16,682,733,746
1315|505,614
1316|96,359,377,494,505,520,582,633,734,745,759
1317|486,488
1318|230
1319|89,364,463
1320|239
1324|524
1328|34
1331|505
1332|581,614,719
1334|714
1335|288
1337|305
1338|726
1341|113,160,225,343,490,527,629,717,718,772,783
1346|163
1348|102,117,129,150,173,175,420,490,541,716
1349|472,784
1350|472
1351|39
1352|83,131,156,214,216,323,324,326,360,448,723
1355|15,156
1357|90,345,388,624,741
1358|113,250,390,396,416,545,586,587,635,729
1361|26,74,239,386,638,639
1365|310
1368|236,504,545,617,634,799
1376|32,136,290
1380|527
1381|263
1383|288
1387|9,56,67,84,90,118,197,213,269,286,312,316,345,392,426,429,502,505,542,566,580,624,626,657,675,740,748
1391|737
1392|593
1396|5,59,67,123,161,446,583,597,621
1400|100
1401|14,24,25,52,170
1402|177,483
1403|319,330,683
1407|626
1409|614,764
1410|292,313,730,735,736
1412|11,116
1415|31,139,302,413,483,714
1420|365
1421|29,54,106,179,258,318,365,699
1423|266
1424|489
1425|316,460,465,584
1430|11,607
1433|348,608
1434|253,506,515,532,655,680,687,688,689,706,707,733,746,777
1435|649,680,687,688,689,706,707,739,777
1437|139,140,179,191
1440|53,280,501
1444|22,53,72,83,89,116,119,129,132,170,218,219,223,236,283,286,305,312,329,333,338,357,367,369,392,435,436,456,502,503,523,525,526,533,580,590,604,615,624,631,633,709,710,711,713,716,783,786
1445|5,16,21,43,47,56,88,89,131,156,158,174,185,224,237,253,325,336,353,458,489,501,524,561,567,597,609,610,640
1446|698
1447|26,38,65,72,77,80,85,97,98,103,115,128,132,173,175,180,181,214,225,246,247,254,255,272,276,305,329,330,331,332,343,381,382,405,430,431,432,433,494,510,517,518,519,520,521,535,581,582,583,584,585,608,714,715,716,717,718,719,797,798
1448|19,376,787,788,789
1449|382,714
1450|660
1456|383
1457|90,180,570
1458|307
1459|457,720
1460|280,474,500,719
1463|524
1464|18,37,42,54,55,68,370,423,537,701,704
1471|131,262,267,499
1472|19,78,365,605,626,787,788,789
1476|30,225
1478|74,131,158,185,232,235,307,533,620,725
1479|734
1480|342,380
1482|292
1483|634
1484|369,588
1485|53
1486|447
1487|308,335
1488|216,236
1491|160,499,726
1497|762
1499|63,72,579
1503|406
1506|262,382,429,431,592,725,775,776,778,780,781,782
1510|418
1511|113,412,524,535
1512|199,204
1513|51,58,94,102,107,144,146,150,157,168,169,170,172,173,175,178,194,195,212,254,255,257,260,263,264,265,271,295,297,302,304,306,307,308,311,315,318,320,321,323,324,334,335,346,360,362,377,378,401,421,422,425,454,467,468,469,482,485,486,487,488,494,498,500,513,524,534,541,542,548,549,553,558,559,563,564,565,572,574,575,577,578,605,613,616,654,669,674,679,697,698,701,702,703,727,731,749,751,756,757,758,760,761,799
1519|11,162
1520|652
1521|588,759
1522|277,626,734
1524|27
1525|312,392,732
1526|74,95,113,178,256,287,386,390,729
1528|131,514
1531|329,624
1532|144
1533|38,565
1534|131,514
1536|655
1540|97,773,786
1541|462,531,675
1542|225,643
1543|5,62,181,221,358,420,513,548,577,700,702,703,727,763
1547|84,396,399,504,784
1550|16,17,195,258,427,477,562,567,569,570,766
1551|471
1552|277,307
1553|184,386,499,592,759
1554|213,363
1555|238,339,389,515,745,772,798
1557|97,225,333
1559|198,475
1560|147,614
1561|61
1562|21,78,79,225,235,275,402,524,592,604,623,626,630,710,715,724,759,798
1563|5,51,93,123,297,312,392,497,655
1566|524
1567|156,365,746
1568|147,275,535,592,630,723
1569|451
1570|74,435,670,784
1571|38
1573|131,398,448,521,785
1580|0,2,77,219,242,256,396,405,417,438,554,650,684,711,726,727,743,754,773,779
1581|65,84,128,381,390,433,716
1582|0,2,7,8,11,13,16,19,44,45,51,53,68,70,77,92,97,106,113,117,134,137,139,140,152,154,159,164,166,167,179,191,198,199,204,213,225,234,244,252,253,257,259,261,262,266,267,269,270,270,283,290,297,305,310,326,327,328,332,351,359,361,365,368,370,371,374,379,380,382,393,394,396,407,410,412,415,416,416,417,419,427,428,449,452,459,460,465,476,477,490,491,492,493,499,504,506,515,516,520,532,533,534,536,538,539,550,551,566,575,587,633,643,646,649,650,651,655,656,657,658,659,660,661,662,663,665,666,667,668,672,680,681,682,683,684,685,686,687,688,689,690,706,707,708,709,710,711,712,732,733,733,739,740,741,742,743,744,746,747,748,749,750,751,752,753,754,754,755,755,773,774,775,776,777,778,779,780,780,781,782,783,784,785,786,787,788,789,790,791,792,793,794,795,796
1586|13,19,70,153,167,210,259,280,327,328,361,410,428,491,492,493,512,516,568,574,658,676,692,693,694,695,712,737,744,759,787,788,789,790,791,792,793,794,795,796
1590|719
1592|522
1594|1,3,9,14,18,25,39,42,43,57,69,165,171,193,298,364,395,411,509,670
1595|365
1597|78,82,84,129,170,188,218,219,230,272,307,332,369,384,387,430,436,523,561,605,615
1598|372,560
1599|8,32,98,740
1600|293,759
1601|55,330,346,494,517,567,687,705
1608|393
1609|291
1610|148
1614|7,345
1616|14
1617|501
1618|307
1619|312,392,427,683
1620|485
1621|67,113,131,137,161,300,415,440,544,591,597,659,692
1622|83,130,331
1623|44,85,154,581
1624|309
1626|8,661,667
1627|279
1628|148,358,458,546,594
1629|22,67,68,78,84,115,131,153,161,196,223,251,276,360,388,395,411,518,583,588,597,618,686,714,726
1630|217,223
1631|178,443,522,527,588,596,726
1633|5,11,16,22,46,53,74,85,86,89,115,118,129,132,136,214,231,233,237,239,246,296,343,345,352,354,358,360,360,388,390,399,426,448,448,580,587,589,614,618,619,621,625,631,633,635,636,637,638,639,640,641,642,784,798
1634|11,32,554,644,645
1635|13,70,167,259,268,327,328,361,410,428,491,492,493,516,658,712,744,790,791,792,793,794,795,796
1639|85,356,432,589,637
1640|28,164,166,199,204,244,292,313,368,371,379,384,393,394,407,412,415,417,459,460,465,476,477,506,514,515,532,533,534,536,538,539,550,551,643,646,649,650,651,655,656,657,659,660,661,662,663,666,667,668,672,680,681,682,683,684,686,687,688,689,690,700,706,707,708,730,732,733,735,736,739,740,741,742,743,746,747,748,749,750,751,752,753,754,755,773,774,775,776,777,778,779,780,781,782
1641|111,317,567,673,745
1645|281,566,783
1646|56
1647|132,162,239,286,287,324,358,359,360,369,390,403,457,458,504,638,639,640,641,642
1648|84,307,308,358,396,457,535
1649|648
1650|5,7,8,10,11,13,15,16,17,19,21,22,23,26,27,30,32,34,38,40,44,45,46,47,48,50,51,53,56,58,59,60,61,62,63,64,65,66,67,68,70,71,72,73,74,75,76,77,78,79,80,81,82,83,84,85,86,87,88,89,90,91,92,93,94,95,96,97,98,99,100,101,102,103,104,105,106,107,108,109,110,113,114,115,116,117,118,119,120,122,123,124,125,126,127,128,129,130,131,132,133,134,135,137,138,141,142,143,144,145,146,147,148,149,150,151,152,153,154,155,156,157,158,159,160,161,162,163,167,168,169,170,172,173,174,175,176,177,178,180,181,182,183,184,185,186,187,188,189,192,194,195,196,197,198,200,201,202,203,205,206,207,208,209,210,211,212,213,214,215,216,217,218,219,220,221,222,223,224,225,226,227,228,229,230,231,232,233,234,235,236,237,238,239,240,241,242,243,245,246,247,248,249,251,253,254,255,256,257,258,259,260,261,262,263,264,265,268,269,270,271,272,273,274,275,276,277,278,279,280,281,282,283,284,285,286,287,289,291,293,294,295,296,297,299,300,301,302,303,304,305,306,307,308,309,310,311,314,315,316,318,319,320,321,322,323,324,325,326,327,328,329,330,331,332,333,334,335,336,337,338,339,340,341,342,343,344,345,346,347,348,349,350,351,352,353,354,355,356,357,358,359,360,361,362,363,366,367,369,372,373,375,376,377,378,380,381,382,383,384,385,386,387,388,389,390,391,396,397,398,399,400,401,402,403,404,408,409,410,413,414,416,418,420,421,422,423,424,425,426,427,428,429,430,431,432,433,434,435,436,437,438,439,440,441,442,443,444,445,446,447,448,449,450,451,452,453,454,455,456,457,458,461,463,464,466,467,468,469,470,471,472,473,474,475,478,479,480,481,482,483,484,485,486,487,488,489,490,491,492,493,494,495,496,497,498,499,500,501,502,503,504,507,508,510,511,512,513,514,516,517,518,519,520,521,522,523,524,525,526,527,528,529,530,535,537,540,541,542,543,544,545,546,547,548,549,552,553,554,555,556,557,558,559,560,561,562,563,564,565,568,569,570,571,572,573,574,575,576,577,578,579,580,581,582,583,584,585,586,587,588,589,590,591,592,593,594,595,596,597,598,599,600,601,602,603,604,605,606,607,608,609,610,611,612,613,614,615,616,617,618,619,620,621,622,623,624,625,626,627,628,629,630,631,632,633,634,635,636,637,638,639,640,641,642,644,645,647,648,652,653,654,658,664,669,673,674,676,677,678,679,691,692,693,694,695,696,697,698,699,700,701,702,703,704,705,709,710,711,712,713,714,715,716,717,718,719,720,721,722,723,724,725,726,727,728,729,731,737,738,744,756,757,758,759,760,761,762,763,764,765,766,767,768,769,770,771,772,783,784,785,786,787,788,789,790,791,792,793,794,795,796,797,798,799
1652|149,341,612,755
1655|448,483,564
1657|383,733,755
1658|84,263
1659|759
1660|238
1664|11
1666|393,656
1668|570,616,665
1671|742,779
1673|365,367,525,526
1675|238
1677|76
1683|213,523
1689|298
1691|288
1696|313,316,426,580,629
1702|7,626
1714|10,283,367,381,422,430,451,466,542,558
1716|11
1724|765
1726|94,320,515
1728|67
1729|132,162,239,286,287,324,358,359,360,369,390,403,457,458,504,614,638,639,640,641,642,730
1731|59,72,81,203,225,248,303,363,436,576,627
1732|99
1733|211,424,475,484,720,762,771
1734|48,141,246,287,768
1735|107,236,356,382,519,537,703
1737|120
1738|390,566,729
1739|214
1742|367,586
1744|93,398
1746|133,535,672
1747|288
1748|419
1750|98,580,625,642,772
1754|83,111,112,136,177,228,288,317,323,405,412,462,505,531,566,567,592,671,675,709,734,745,784
1760|61
1763|88,89,177,388
1764|16,22,38,45,46,47,56,78,79,82,83,84,85,86,87,88,89,97,98,101,116,128,129,143,155,156,159,183,187,213,218,220,226,227,228,229,230,231,232,233,236,269,275,285,333,345,352,359,382,426,446,448,506,510,521,524,532,581,597,617,618,619,734,759
1766|427
1767|2
1769|8,11,19,32,51,58,62,63,91,92,94,95,96,106,107,111,125,127,168,172,173,174,176,177,192,194,195,198,211,212,242,245,253,254,255,257,258,262,265,268,271,273,289,294,297,302,303,304,311,314,316,317,318,319,320,321,322,323,324,325,334,368,369,371,377,378,379,384,391,397,398,401,403,413,420,421,422,423,424,425,461,468,469,475,477,482,484,485,486,487,488,489,495,497,512,513,514,535,538,539,541,542,548,549,551,557,558,559,560,572,573,574,575,576,577,578,579,592,611,644,645,673,676,678,679,694,695,696,697,698,699,700,701,702,703,704,705,731,737,738,758,760,761,762,763,764,765,766,767,768,769,770,771
1770|102,119,150,243,265,482,507,508,546,553,564,565,611,654,716
1771|46,222,242,389,398,480,490,638,785
1772|80,174,253,325,343,365,489,724
1773|156
1775|112,394,407
1776|582,714
1777|103,590
1778|7,21,53,56,88,89,108,136,177,211,238,247,250,276,332,344,373,390,405,426,535,544,548,556,585,591,621,622,626,690,702,711,753,772
1781|11,63,84,117,242,277,295,307,384,415,416,520,566,568,607,659,666,668,701,708,719,743
1783|126,524
1784|406
1785|69
1786|248,592,627,629,634
1788|113,258,261,295,436,571,691
1791|635
1792|11
1793|236,799
1794|651
1795|174,263,296,396,531
1796|234
1797|156,461
1799|799
1812|28,127,437,458,484,729,733,755,784
1814|189,474,746
1816|18
1827|51,297
1829|414,563
1831|83,108,585,624
1839|528
1840|226
1844|23,208,461
1846|24
1847|295,722
1848|738
1850|81,257,377,388,530
1853|682
1854|244
1855|711
1856|127
1859|49,131,246,248,271,311,323,324,360,564,573,587,614
1861|276,418,697
1862|184
1865|132,162,239,286,287,324,358,359,360,369,390,403,457,458,504,638,639,640,641,642,644
1866|386,398,705
1868|264
1876|312,392,685,786
1884|44,418
1889|186,518
1890|245,467
1894|137,198
1895|401,453,786
1896|607
1898|74,81,161,164,199,204,385,398,631,657,662,781,782
1904|681
1906|716
1907|307,607
1908|315
1911|383
1914|11,112
1915|676
1917|26,65,77,79,85,97,98,103,105,115,128,132,137,173,175,180,214,223,237,246,247,254,255,272,305,329,330,331,332,333,354,381,382,406,430,431,432,433,494,499,510,517,518,519,520,521,535,568,581,582,583,584,585,694,710,714,715,716,717,718,719,797,798,799
1918|2,6,250,389,501,627
1921|82,129,170,218,219,272,332,387,430,436,615
1927|217
1934|87,89,97,145,170,180,183,187,220,272,276,337,338,339,345,359,382,389,391,402,406,413,432,520,521,583,598,628,632,635,663,705,730,770
1935|256,420,571
1938|67,161,597,624
1939|165,342,384,384,582,590,714,727
1941|638
1942|156
1943|316,673
1944|307
1946|90,246
1948|38,58,62,514,698
1950|307,605
1955|72,268,288
1956|436
1957|177,201,692,730,784
1959|146,157
1960|11,277,358,388,614,625,640,642,711,727
1962|156,497,673
1963|311,540
1966|435
1967|218,717
1970|767
1972|288,505
1973|242,277,562
1975|226,584,636
1976|93,190,458,483,529,623
1978|56,131,524,543,621,639
1979|245,295,644,737,766
1981|31,35,36,37,41,46,49,52,54,55,124,170,176,239,294,295,319,322,323,365,371,485,556,573,592,684,696,700,716
1983|164,166
1986|210
1993|22,66,147,153,177,251,257,335,369,377,388,420,449,458,498,513,518,548,603,618,799
1994|624
1996|256
2000|278
2003|162,359,457
2004|607
2005|647
2010|369,396,524
2011|380,389,413,534
2012|159
2015|68
2018|554
2021|113,316,359,537,614,701
2024|784
2028|475
2030|74,452
2044|674
2045|364,601
2046|278,383
2047|337