0|0|2|九辩·宋玉
1|0|2|天问·屈原
2|0|2|招魂·宋玉
3|0|2|远游·屈原
4|0|2|哀时命·庄忌
5|0|3|秋日夔府咏怀奉寄郑监李宾客一百韵·杜甫
6|0|2|大招·景差
7|0|4|诫儿侄八百字·范质
8|0|4|定慧相资歌·释延寿
9|0|2|悲回风·屈原
10|0|3|北征·杜甫
11|0|4|亚元舍人不替深知猥贻佳作三篇清绝不敢轻酬因为长歌聊以为报未竟复得子乔校书示问故兼寄陈君庶资一笑耳·徐铉
12|0|2|谬谏·东方朔
13|0|4|缘识 其二三·宋太宗
14|0|2|惜诵·屈原
15|0|3|壮游·杜甫
16|0|4|奉和宫傅相公怀旧见寄四十韵·徐铉
17|0|2|閟宫·佚名
18|0|2|抽思·屈原
19|0|4|逍遥歌·宋太宗
20|0|2|沉江·东方朔
21|0|3|自京赴奉先县咏怀五百字·杜甫
22|0|3|寄岳州贾司马六丈巴州严八使君两阁老五十韵·杜甫
23|0|2|抑·佚名
24|0|2|惜誓·贾谊
25|0|2|惜往日·屈原
26|0|3|酬裴员外以诗代书·高适
27|0|2|桑柔·佚名
28|0|0|花间集·赵崇祚
29|0|2|怨世·东方朔
30|0|3|入衡州·杜甫
31|0|2|逢纷·刘向
32|0|3|杂曲歌辞 定情篇·乔知之
33|0|2|自悲·东方朔
34|0|3|八哀诗 赠秘书监江夏李公邕·杜甫
35|0|2|远游·刘向
36|0|2|离世·刘向
37|0|2|远逝·刘向
38|0|3|大历三年春白帝城放船出瞿塘峡久居夔府将适江陵漂泊有诗凡四十韵·杜甫
39|0|2|哀郢·屈原
40|0|2|皇矣·佚名
41|0|2|愍命·刘向
42|0|2|思美人·屈原
43|0|2|怀沙·屈原
44|0|4|慈竹·乐史
45|0|3|赠王二十四侍御契四十韵·杜甫
46|0|3|寄刘峡州伯华使君四十韵·杜甫
47|0|3|夔府书怀四十韵·杜甫
48|0|2|正月·佚名
49|0|2|忧苦·刘向
50|0|2|七月·佚名
51|0|3|杂曲歌辞 从军中行路难二首 一·骆宾王
52|0|2|惜贤·刘向
53|0|3|送重表侄王砅评事使南海·杜甫
54|0|2|怨思·刘向
55|0|2|思古·刘向
56|0|3|风疾舟中伏枕书怀三十六韵奉呈湖南亲友·杜甫
57|0|2|涉江·屈原
58|0|3|杂曲歌辞 出门行·元稹
59|0|3|八哀诗 赠左仆射郑国公严公武·杜甫
60|0|2|云汉·佚名
61|0|3|演兴四首 讼木魅·元结
62|0|3|相和歌辞 估客乐·元稹
63|0|3|杂曲歌辞 游子吟·顾况
64|0|3|往在·杜甫
65|0|3|奉酬睢阳李太守·高适
66|0|3|洗兵马·杜甫
67|0|3|八哀诗 故着作郎贬台州司户荥阳郑公虔·杜甫
68|0|3|八哀诗 赠司空王公思礼·杜甫
69|0|2|卜居·屈原
70|0|4|缘识 其四○·宋太宗
71|0|3|演兴四首 闵岭中·元结
72|0|3|送顾八分文学适洪吉州·杜甫
73|0|2|生民·佚名
74|0|3|暮秋枉裴道州手札率尔遣兴寄近呈苏涣侍御·杜甫
75|0|2|韩奕·佚名
76|0|2|楚茨·佚名
77|0|3|信安王幕府诗·高适
78|0|3|桥陵诗三十韵因呈县内诸官·杜甫
79|0|3|白水县崔少府十九翁高斋三十韵·杜甫
80|0|3|草堂·杜甫
81|0|3|八哀诗 故秘书少监武功苏公源明·杜甫
82|0|3|奉酬薛十二丈判官见赠·杜甫
83|0|3|奉送郭中丞兼太仆卿充陇右节度使三十韵·杜甫
84|0|3|秦州见敕目薛三璩授司议郎毕四曜除监察与二子有故远喜迁官兼述索居凡三十韵·杜甫
85|0|3|寄彭州高三十五使君适虢州岑二十七长史参三十韵·杜甫
86|0|3|寄张十二山人彪三十韵·杜甫
87|0|3|赠李八秘书别三十韵·杜甫
88|0|3|秋日荆南述怀三十韵·杜甫
89|0|3|秋日荆南送石首薛明府辞满告别奉寄薛尚书颂德敍怀斐然之作三十韵·杜甫
90|0|3|自蜀奉册命往朔方途中呈韦左相文部房尚书门下崔侍郎·贾至
91|0|3|相和歌辞 上云乐·李白
92|0|4|月真歌月真·徐铉
93|0|2|宾之初筵·佚名
94|0|3|相和歌辞 猛虎行·李白
95|0|3|相和歌辞 蜀道难·李白
96|0|3|相和歌辞 梁甫吟·李白
97|0|3|赠别王十七管记·高适
98|0|3|真定即事奉赠韦使君二十八韵·高适
99|0|2|荡·佚名
100|0|2|烝民·佚名
101|0|2|十月之交·佚名
102|0|8|秋胡行 其二·曹操
103|0|3|答侯少府·高适
104|0|2|板·佚名
105|0|2|崧高·佚名
106|0|3|相和歌辞 蛾眉怨·王翰
107|0|3|杂曲歌辞 行路难·卢照邻
108|0|2|节南山·佚名
109|0|2|小弁·佚名
110|0|2|泮水·佚名
111|0|1|双调·大德歌（六首）·关汉卿
112|0|1|仙吕·一半儿拟美人八咏春梦·查德卿
113|0|4|题歙州问政山聂道士所居·黄台
114|0|3|丹青引赠曹将军霸·杜甫
115|0|3|酬秘书弟兼寄幕下诸公·高适
116|0|3|送李校书二十六韵·杜甫
117|0|3|八哀诗 赠太子师汝阳郡王璡·杜甫
118|0|3|寄薛三郎中·杜甫
119|0|3|奉送魏六丈佑少府之交广·杜甫
120|0|2|瞻卬·佚名
121|0|2|哀命·东方朔
122|0|2|氓·佚名
123|0|3|郑典设自施州归·杜甫
124|0|2|公刘·佚名
125|0|3|相和歌辞 白头吟二首 二·李白
126|0|3|闵荒诗一首·元结
127|0|3|相和歌辞 春江花月夜·张若虚
128|0|3|东平旅游奉赠薛太守二十四韵·高适
129|0|3|送韦十六评事充同谷郡防御判官·杜甫
130|0|3|八哀诗 故右仆射相国张公九齢·杜甫
131|0|3|舟中苦热遣怀奉呈[阳]中丞通简台省诸公·杜甫
132|0|3|送陈兼应辟兼寄高适贾至·独孤及
133|0|2|卷阿·佚名
134|0|2|文王·佚名
135|0|2|大东·佚名
136|0|1|南吕·醉太平寄情·查德卿
137|0|3|鼓吹曲辞 临高台·王勃
138|0|2|大明·佚名
139|0|2|逢尤·王逸
140|0|2|疾世·王逸
141|0|2|雨无正·佚名
142|0|2|绵·佚名
143|0|3|三川观水涨二十韵·杜甫
144|0|3|彭衙行·杜甫
145|0|3|别李义·杜甫
146|0|3|舂陵行·元结
147|0|3|韦讽录事宅观曹将军画马图·杜甫
148|0|3|可叹·杜甫
149|0|2|长发·佚名
150|0|8|秋胡行 其一·曹操
151|0|2|斯干·佚名
152|0|4|查公山·查元方
153|0|3|咏司马彪续汉志·太宗皇帝
154|0|4|咏史·徐铉
155|0|3|奉赠韦左丞二十二韵·杜甫
156|0|3|七月三日亭午已後较热退晚加小凉稳睡有诗因论壮年乐事戏呈元二十一曹长·杜甫
157|0|3|同元使君舂陵行·杜甫
158|0|3|上水遣怀·杜甫
159|0|3|赠特进汝阳王二十韵·杜甫
160|0|3|偶题·杜甫
161|0|3|哭台州郑司户苏少监·杜甫
162|0|3|詶皇甫侍御望天灊山见示之作·独孤及
163|0|3|赠蜀僧闾丘师兄·杜甫
164|0|4|戚氏·苏轼
165|0|2|渔父·屈原
166|0|4|戚氏·柳永
167|0|4|缘识 其一三·宋太宗
168|0|3|燕歌行·贾至
169|0|3|兵车行·杜甫
170|0|3|惜别行送刘仆射判官·杜甫
171|0|2|湘夫人·屈原
172|0|3|相和歌辞 燕歌行·贾至
173|0|3|相和歌辞 秋胡行·高适
174|0|3|怀素上人草书歌·窦冀
175|0|3|秋胡行·高适
176|0|3|奉先刘少府新画山水障歌·杜甫
177|0|3|荆南兵马使太常卿赵公大食刀歌·杜甫
178|0|3|岳麓山道林二寺行·杜甫
179|0|2|怨上·王逸
180|0|3|途中酬李少府赠别之作·高适
181|0|3|客堂·杜甫
182|0|3|柴门·杜甫
183|0|3|赠李十五丈别·杜甫
184|0|3|种莴苣·杜甫
185|0|3|遣怀·杜甫
186|0|3|狄明府·杜甫
187|0|3|别张十三建封·杜甫
188|0|3|忝官引·元结
189|0|2|民劳·佚名
190|0|2|初放·东方朔
191|0|2|悯上·王逸
192|0|3|杂曲歌辞 悲歌·李白
193|0|2|湘君·屈原
194|0|3|杂曲歌辞 少年行三首 三·李白
195|0|3|杂曲歌辞 汉宫少年行·李益
196|0|3|八哀诗 故司徒李公光弼·杜甫
197|0|2|谷风·佚名
198|0|3|相和歌辞 采莲归·王勃
199|0|4|哨遍·苏轼