600|0|3|泛溪·杜甫
601|0|3|病橘·杜甫
602|0|3|大雨·杜甫
603|0|3|扬旗·杜甫
604|0|3|送殿中杨监赴蜀见相公·杜甫
605|0|3|行官张望补稻畦水归·杜甫
606|0|3|上後园山脚·杜甫
607|0|3|驱竖子摘苍耳·杜甫
608|0|3|晚登瀼上堂·杜甫
609|0|3|写怀二首 一·杜甫
610|0|3|写怀二首 二·杜甫
611|0|3|魏将军歌·杜甫
612|0|3|早发·杜甫
613|0|3|岁晏行·杜甫
614|0|3|临邑舍弟书至苦雨黄河泛溢堤防之患簿领所忧因寄此诗用宽其意·杜甫
615|0|3|送杨六判官使西蕃·杜甫
616|0|3|行次昭陵·杜甫
617|0|3|建都十二韵·杜甫
618|0|3|寄司马山人十二韵·杜甫
619|0|3|寄李十四员外布十二韵·杜甫
620|0|3|遣闷·杜甫
621|0|3|舟出江陵南浦奉寄郑少尹·杜甫
622|0|3|过南岳入洞庭湖·杜甫
623|0|3|初黄绶赴蓝田县作·钱起
624|0|3|奉送户部李郎中充晋国副节度出塞·钱起
625|0|3|奉和中书常舍人晚秋集贤院即事寄徐薛二侍御·钱起
626|0|3|和范郎中宿直中书晓翫清池赠南省同僚两垣遗补·钱起
627|0|3|招孟武昌·元结
628|0|3|别何员外·元结
629|0|3|题孟中丞茅阁·元结
630|0|3|宿丹崖翁宅·元结
631|0|3|送山阴姚丞携妓之任兼寄山阴苏少府·韩翃
632|0|3|别李明府·韩翃
633|0|3|送王侍御赴江西兼寄李袁州·韩翃
634|0|3|赠衮州孟都督·韩翃
635|0|3|赠别太常李博士兼寄两省旧游·韩翃
636|0|3|寄哥舒仆射·韩翃
637|0|3|寄赠虢州张参军·韩翃
638|0|3|三月三日自京到华阴於水亭独酌寄裴六薛八·独孤及
639|0|3|下弋阳江舟中代书寄裴侍御·独孤及
640|0|3|贾员外处见中书贾舍人巴陵诗集覧之怀旧代书寄赠·独孤及
641|0|3|代书寄上李广州·独孤及
642|0|3|奉和中书常舍人晚秋集贤院即事寄赠徐薛二侍御·独孤及
643|0|4|宣清·柳永
644|0|3|舞曲歌辞 独漉篇·李白
645|0|3|杂曲歌辞 轻薄篇·李益
646|0|4|沁园春·张先
647|0|2|载驰·佚名
648|0|2|大叔于田·佚名
649|0|4|倾杯乐·柳永
650|0|4|玉山枕·柳永
651|0|4|沁园春·韦骧
652|0|2|硕人·佚名
653|0|2|杕杜·佚名
654|0|8|善哉行 其一·曹操
655|0|4|集贤宾?接贤宾·柳永
656|0|4|摸鱼儿·欧阳修
657|0|4|贺新郎·苏轼
658|0|4|缘识 其一七·宋太宗
659|0|4|轮台子·柳永
660|0|4|透碧霄·柳永
661|0|4|长寿乐·柳永
662|0|4|沁园春·苏轼
663|0|4|离别难·柳永
664|0|2|淇奥·佚名
665|0|2|匡机·王褒
666|0|4|女冠子·柳永
667|0|4|长寿乐·柳永
668|0|4|女冠子·柳永
669|0|3|行路难·冯著
670|0|2|国殇·屈原
671|0|1|越调·柳营曲金陵故址·查德卿
672|0|4|慢卷绸·柳永
673|0|3|戏爲双松图歌·杜甫
674|0|3|虎牙行·杜甫
675|0|1|钱大尹智宠谢天香·贺新郎·关汉卿
676|0|3|鼓吹曲辞 鼓吹铙歌 苞枿·柳宗元
677|0|3|忆昔二首 一·杜甫
678|0|3|相和歌辞 公无渡河·李白
679|0|3|相和歌辞 鞠歌行·李白
680|0|4|倾杯?倾杯乐·柳永
681|0|4|泛清苕·张先
682|0|4|折红梅·吴感
683|0|4|霜叶飞·沈唐
684|0|4|杜韦娘·杜安世
685|0|2|蓄英·王褒
686|0|4|一寸金·柳永
687|0|4|古倾杯?倾杯乐·柳永
688|0|4|倾杯?倾杯乐·张先
689|0|4|倾杯?倾杯乐·张先
690|0|4|赏南枝·曾巩
691|0|3|示从孙济·杜甫
692|0|3|登三台言志·太宗皇帝
693|0|3|喜雪·太宗皇帝
694|0|3|鼓吹曲辞 鼓吹铙歌 高昌·柳宗元
695|0|3|鼓吹曲辞 鼓吹铙歌 东蛮·柳宗元
696|0|3|相和歌辞 铜雀妓·刘商
697|0|3|相和歌辞 豫章行·李白
698|0|3|相和歌辞 董逃行·元稹
699|0|3|相和歌辞 怨诗·鲍溶
700|0|3|相和歌辞 贾客词·刘禹锡
701|0|3|杂曲歌辞 君子有所思行·李白
702|0|3|杂曲歌辞 结客少年场行·虞世南
703|0|3|杂曲歌辞 结客少年场行·卢照邻
704|0|3|杂曲歌辞 长相思·白居易
705|0|3|杂曲歌辞 古别离二首 二·李端
706|0|4|倾杯?倾杯乐·柳永
707|0|4|倾杯?倾杯乐·柳永
708|0|4|女冠子·柳永
709|0|4|送薛少卿赴青阳·徐铉
710|0|4|送高起居之泾县·徐铉
711|0|4|送廖舍人江南安抚·徐铉
712|0|4|缘识  其五二·宋太宗
713|0|3|送严员外·李嘉佑
714|0|3|单父逢邓司仓覆仓库因而有赠·高适
715|0|3|同吕员外酬田着作幕门军西宿盘山秋夜作·高适
716|0|3|送虞城刘明府谒魏郡苗太守·高适
717|0|3|涟上题樊氏水亭·高适
718|0|3|题尉迟将军新庙·高适
719|0|3|观李九少府翥树宓子贱神祠碑·高适
720|0|3|张公洞·李栖筠
721|0|3|幽人·杜甫
722|0|3|劒门·杜甫
723|0|3|过郭代公故宅·杜甫
724|0|3|殿中杨监见示张旭草书图·杜甫
725|0|3|遣遇·杜甫
726|0|3|登玉山诸峰偶至悟真寺·钱起
727|0|3|长安客舍赠李行父明府·钱起
728|0|3|美杨侍御清文见示·钱起
729|0|3|山居新种花药与道士同游赋诗·钱起
730|0|5|金缕曲·姜西溟言别赋此赠之·纳兰性德
731|0|3|杂曲歌辞 行路难三首 三·李白
732|0|4|击梧桐·柳永
733|0|4|落梅花?落梅·王诜
734|0|1|梁州·百十里街衢整齐·关汉卿
735|0|5|金缕曲·慰西溟·纳兰性德
736|0|5|金缕曲·亡妇忌日有感·纳兰性德
737|0|3|郊庙歌辞 汉宗庙乐舞辞 观德舞·张昭
738|0|3|琴曲歌辞 山人劝酒·李白
739|0|4|倾杯乐·柳永
740|0|4|定风波·柳永
741|0|4|征部乐·柳永
742|0|4|合欢带·柳永
743|0|4|安公子·杜安世
744|0|4|缘识 其三七·宋太宗
745|0|1|梁州·富贵似侯家紫帐·关汉卿
746|0|4|早梅芳?喜迁莺·柳永
747|0|4|迎新春·柳永
748|0|4|二郎神·柳永
749|0|4|望远行·柳永
750|0|4|望海潮·柳永
751|0|4|望远行·柳永
752|0|4|望海潮·沈唐
753|0|4|望南云慢·沈唐
754|0|4|潇湘忆故人慢·王安礼
755|0|4|花发沁园春·王诜
756|0|3|白丝行·杜甫
757|0|3|杜鹃行·杜甫
758|0|3|严氏溪放歌行·杜甫
759|0|3|十月诞辰内殿宴羣臣效柏梁体联句·中宗皇帝
760|0|3|相和歌辞 日出行·李白
761|0|3|相和歌辞 短歌行二首 一·白居易
762|0|3|相和歌辞 懊恼曲·温庭筠
763|0|3|相和歌辞 贾客乐·张籍
764|0|3|相和歌辞 大堤曲·杨巨源
765|0|3|相和歌辞 凤吹笙曲·李白
766|0|3|舞曲歌辞 公莫舞歌·李贺
767|0|3|琴曲歌辞 湘妃列女操·鲍溶
768|0|3|琴曲歌辞 三峡流泉歌·李季兰
769|0|3|杂曲歌辞 浩歌·李贺
770|0|3|杂曲歌辞 生别离·白居易
771|0|3|杂曲歌辞 湖阴曲·温庭筠
772|0|3|夜闻江南人家赛神因题即事·李嘉佑
773|0|4|曲玉管·柳永
774|0|4|尉迟杯·柳永
775|0|4|永遇乐·柳永
776|0|4|永遇乐·柳永
777|0|4|倾杯?倾杯乐·柳永
778|0|4|永遇乐·解
779|0|4|合欢带·杜安世
780|0|4|永遇乐·王仲甫
781|0|4|永遇乐·苏轼
782|0|4|永遇乐·苏轼
783|0|4|又题白鹭洲江鸥送陈君·徐铉
784|0|4|暮春月内署书阁前海棠花盛开率尔七言八韵寄长卿谏议·张洎
785|0|4|咏华林书院·黄夷简
786|0|4|狂吟八韵送英公暂归故乡迁殡二亲·宋白
787|0|4|逍遥咏 其一○·宋太宗
788|0|4|逍遥咏  其二·宋太宗
789|0|4|逍遥咏  其七·宋太宗
790|0|4|缘识 其一○·宋太宗
791|0|4|缘识 其二五·宋太宗
792|0|4|缘识 其二九·宋太宗
793|0|4|缘识  其四六·宋太宗
794|0|4|缘识  其四九·宋太宗
795|0|4|缘识 其六·宋太宗
796|0|4|缘识 其二八·宋太宗
797|0|3|封丘作·高适
798|0|3|寄宿田家·高适
799|0|3|高都护骢马行·杜甫