200|0|2|东山·佚名
201|0|2|巧言·佚名
202|0|2|江汉·佚名
203|0|2|常武·佚名
204|0|4|哨遍·苏轼
205|0|2|采薇·佚名
206|0|2|出车·佚名
207|0|2|六月·佚名
208|0|2|采芑·佚名
209|0|2|小明·佚名
210|0|3|执契静三边·太宗皇帝
211|0|3|相和歌辞 江南曲·温庭筠
212|0|3|杂曲歌辞 渭城少年行·崔颢
213|0|4|和门下殷侍郎新茶二十韵·徐铉
214|0|3|淇上酬薛三据兼寄郭少府微·高适
215|0|3|谒禹庙·徐浩
216|0|3|奉同郭给事汤东灵湫作·杜甫
217|0|3|晦日寻崔戢李封·杜甫
218|0|3|送樊二十三侍御赴汉中判官·杜甫
219|0|3|送从弟亚赴安西判官·杜甫
220|0|3|别蔡十四着作·杜甫
221|0|3|客居·杜甫
222|0|3|贻华阳柳少府·杜甫
223|0|3|送高司直寻封阆州·杜甫
224|0|3|咏怀二首 二·杜甫
225|0|3|题衡山县文宣王庙新学堂呈陆宰·杜甫
226|0|3|投赠哥舒开府二十韵·杜甫
227|0|3|上韦左相二十韵·杜甫
228|0|3|奉赠太常张卿二十韵·杜甫
229|0|3|奉赠鲜于京兆二十韵·杜甫
230|0|3|喜闻官军已临贼境二十韵·杜甫
231|0|3|寄李十二白二十韵·杜甫
232|0|3|遣闷奉呈严公二十韵·杜甫
233|0|3|赠崔十三评事公辅·杜甫
234|0|3|哭王彭州抡·杜甫
235|0|3|水宿遣兴奉呈群公·杜甫
236|0|3|送卢十四弟侍御护韦尚书灵榇归上都二十韵·杜甫
237|0|3|闲居秋怀寄阳翟陆赞府封丘高少府·贾至
238|0|3|家兄自山南罢归献诗叙事·韩翃
239|0|3|代书寄上裴六冀刘二颍·独孤及
240|0|2|小旻·佚名
241|0|2|何人斯·佚名
242|0|3|玉华仙子歌·李康成
243|0|8|气出唱 其二·曹操
244|0|4|抛球乐·柳永
245|0|3|舞曲歌辞 东海有勇妇·李白
246|0|3|苦雨寄房四昆季·高适
247|0|3|李云南征蛮诗·高适
248|0|3|酬孟武昌苦雪·元结
249|0|3|漫酬贾沔州·元结
250|0|2|招隐士·淮南小山
251|0|3|醉为马坠诸公携酒相看·杜甫
252|0|2|昭世·王褒
253|0|3|怀素上人草书歌·王??
254|0|3|相和歌辞 燕歌行·高适
255|0|3|燕歌行·高适
256|0|3|横吹曲辞 长安道·韦应物
257|0|3|相和歌辞 饮马长城窟行·王翰
258|0|3|相和歌辞 宫怨·长孙佐辅
259|0|4|缘识 其三·宋太宗
260|0|3|渼陂行·杜甫
261|0|3|哀王孙·杜甫
262|0|3|病后遇王倚饮赠歌·杜甫
263|0|3|入奏行赠西山检察使窦侍御·杜甫
264|0|3|冬狩行·杜甫
265|0|8|短歌行 其二·曹操
266|0|2|株昭·王褒
267|0|2|通路·王褒
268|0|3|李潮八分小篆歌·杜甫
269|0|3|蔷薇诗一首十八韵呈东海侍郎徐铉·韩王从善
270|0|4|依韵和令公大王蔷薇诗·徐铉
271|0|3|相和歌辞 从军有苦乐行·李益
272|0|3|睢阳酬别畅大判官·高适
273|0|3|醉时歌·杜甫
274|0|3|义鹘·杜甫
275|0|3|两当县吴十侍御江上宅·杜甫
276|0|3|将适吴楚留别章使君留後兼幕府诸公得柳字·杜甫
277|0|3|太子张舍人遗织成褥段·杜甫
278|0|3|牵牛织女·杜甫
279|0|3|课伐木·杜甫
280|0|3|催宗文树鸡栅·杜甫
281|0|3|又上後园山脚·杜甫
282|0|3|昔游·杜甫
283|0|3|奉送王信州崟北归·杜甫
284|0|3|哭韦大夫之晋·杜甫
285|0|3|奉赠萧二十使君·杜甫
286|0|3|送相里郎中赴江西·独孤及
287|0|3|季冬自嵩山赴洛道中作·独孤及
288|0|1|尾·我是个蒸不烂煮不熟捶不匾炒不爆响当当一粒铜豌豆·关汉卿
289|0|3|相和歌辞 白头吟二首 一·李白
290|0|2|陶壅·王褒
291|0|2|召旻·佚名
292|0|5|沁园春·瞬息浮生·纳兰性德
293|0|3|句·後主煜
294|0|3|相和歌辞 白头吟·刘希夷
295|0|3|观公孙大娘弟子舞劒器行·杜甫
296|0|3|寄雍丘窦明府·韩翃
297|0|3|杂曲歌辞 从军中行路难二首 二·骆宾王
298|0|2|山鬼·屈原
299|0|2|甫田·佚名
300|0|3|春台望·明皇帝
301|0|3|鼓吹曲辞 将进酒·李白
302|0|3|相和歌辞 相逢行二首 一·李白
303|0|3|相和歌辞 东武吟·李白
304|0|3|杂曲歌辞 丽人行·杜甫
305|0|3|宋中送族侄式颜·高适
306|0|3|丽人行·杜甫
307|0|3|秋行官张请督促东渚耗稻向毕清晨遣女奴阿稽竖子阿段往问·杜甫
308|0|3|偪仄行赠毕曜·杜甫
309|0|2|采菽·佚名
310|0|2|文王有声·佚名
311|0|3|相和歌辞 苦辛行·戎昱
312|0|1|李云英风送梧桐叶·煞尾·李唐宾
313|0|5|茅斋·纳兰性德
314|0|3|相和歌辞 上留田·李白
315|0|3|沙苑行·杜甫
316|0|3|茅屋爲秋风所破歌·杜甫
317|0|1|双调·大德歌（四首）春·关汉卿
318|0|3|相和歌辞 怨歌行·吴少微
319|0|3|琴曲歌辞 飞鸢操·刘禹锡
320|0|3|相和歌辞 猛虎行·韩愈
321|0|3|杂曲歌辞 悲哉行·白居易
322|0|3|杂曲歌辞 妾薄命·刘元淑
323|0|3|杂曲歌辞 太行苦热行·刘长卿
324|0|3|杂曲歌辞 太行苦热行·独孤及
325|0|3|怀素上人草书歌·鲁收
326|0|4|酬郭先辈·徐铉
327|0|4|缘识 其一六·宋太宗
328|0|4|缘识 其三二·宋太宗
329|0|3|送浑将军出塞·高适
330|0|3|古乐府飞龙曲留上陈左相·高适
331|0|3|留上李右相·高适
332|0|3|饯宋八充彭中丞判官之岭南·高适
333|0|3|送高三十五书记·杜甫
334|0|3|醉歌行·杜甫
335|0|3|聪马行·杜甫
336|0|3|述怀一首·杜甫
337|0|3|新婚别·杜甫
338|0|3|垂老别·杜甫
339|0|3|无家别·杜甫
340|0|3|昔游·杜甫
341|0|3|发秦州·杜甫
342|0|3|遭田父泥饮美严中丞·杜甫
343|0|3|寄题江外草堂·杜甫
344|0|3|南池·杜甫
345|0|3|别唐十五诫因寄礼部贾侍郎·杜甫
346|0|3|古柏行·杜甫
347|0|3|雷·杜甫
348|0|3|阻雨不得归瀼西甘林·杜甫
349|0|3|雨·杜甫
350|0|3|甘林·杜甫
351|0|3|久雨期王将军不至·杜甫
352|0|3|敬寄族弟唐十八使君·杜甫
353|0|3|咏怀二首 一·杜甫
354|0|3|追酬故高蜀州人日见寄·杜甫
355|0|3|谒先主庙·杜甫
356|0|3|奉赠卢五丈参谋·杜甫
357|0|3|送李大夫赴广州·钱起
358|0|3|客舍月下对酒醉後寄毕四燿·独孤及
359|0|3|詶梁二十宋中所赠兼留别梁少府·独孤及
360|0|3|奉和李大夫同吕评事太行苦热行兼寄院中诸公·独孤及
361|0|4|缘识 其二二·宋太宗
362|0|3|忆昔行·杜甫
363|0|2|殷武·佚名
364|0|2|橘颂·屈原
365|0|1|草桥店梦莺莺(第四本)·络丝娘·王实甫
366|0|2|天保·佚名
367|0|3|送李湜下第归卫州便游河北·韩翃
368|0|4|六州歌头·李冠
369|0|3|官渡柳歌送李员外承恩往扬州觐省·独孤及
370|0|2|思忠·王褒
371|0|4|六州歌头·刘潜
372|0|2|小宛·佚名
373|0|2|信南山·佚名
374|0|2|尊嘉·王褒
375|0|2|伐木·佚名
376|0|2|頍弁·佚名
377|0|3|相和歌辞 饮马长城窟行·袁朗
378|0|3|杂曲歌辞 长干行二首 一·李白
379|0|4|六州歌头·李冠
380|0|4|雪中驾幸敝庐恭纪·赵普
381|0|3|奉酬北海李太守丈人夏日平阴亭·高适
382|0|3|宋中遇林卢杨十七山人因而有别·高适
383|0|3|暇日小园散病将种秋菜督勒耕牛兼书触目·杜甫
384|0|3|览柏中允兼子侄数人除官制词因述父子兄弟四美载歌丝纶·杜甫
385|0|3|赠苏四徯·杜甫
386|0|3|湘江宴饯裴二端公赴道州·杜甫
387|0|3|奉赠李八丈判官·杜甫
388|0|3|巴陵早秋寄荆州崔司马吏部阎功曹舍人·贾至
389|0|3|招陶别驾家阳华作·元结
390|0|3|癸卯岁赴南丰道中闻京师失守寄权士繇韩幼深·独孤及
391|0|3|杂曲歌辞 远别离·李白
392|0|1|李云英风送梧桐叶·赚煞·李唐宾
393|0|4|西湖念语·欧阳修
394|0|4|夜半乐·柳永
395|0|2|大司命·屈原
396|0|4|杨照承议芦雁枕屏·毕士安
397|0|3|饮中八仙歌·杜甫
398|0|3|苏端薛复筵简薛华醉歌·杜甫
399|0|3|寄韩谏议·杜甫