8|667
10|9,12,22,23,24,26,27,35,40,41,42,44,45,49,52,74,90,94,99,102,107,129,137,140,148,172,173,355,360,370,373,386,418,430,515,527,549,560,568,573,602,610,611,616,617,627,628,632,633,635,654,666,669,672,675,676,682,683,692,694,699,706,718,721,723,733,763,792,811,819,823,853
14|274,313,666,701
21|28,101,109,152,191,251,277,286,305,310,313,337,683,791,848,872,918,961,970,978,984
24|767
28|55,75,169,209,252,253,469,562,647,689,931,939,954
33|108,303,491,585,871
34|5,46,54,56,67,78,80,140,381,392,474,501,535,610,644,814,872,876,880
37|368,837
50|119,206,994,995
53|624
64|30,124,154,177,178,201,220,294,295,464,585,652,750,757
69|130,162,670,859
74|72
75|137,142,235,315,948
76|1,2,98,428
77|88,111,182,208,262,495,569,782,795,834,956
79|167,172
81|980
83|14,33,40,90,96,177,193,305,310,351,358,359,787,924,978,984
96|405
98|855
100|95,115
106|128,501,573,604,605,717,775,813,922
132|115,435,775
135|439
138|227,665
142|63
144|172,859
147|42,338,404,888,890
148|39,116,705,840
149|127,157,473,809,892,936
150|269,461
151|629,854
154|2,16,56,130,148,179,182,191,318,390,509,510,698,733,744,752,753,754,757,759,762,918
155|228,242,922,951
156|34,64,82,107,149,185,194,228,234,241,243,255,261,286,293,308,317,330,403,411,414,570,643,688,727,744,789,817,914,930,950,971,991
158|26,59,83,296,371,385,465,574,601,627,658,977
164|190
165|795,925
174|160
181|57,109,505,510,511,532
186|70,78,146,215,337,366,390,686,730,832,865,906
189|198,525,995
192|30,43,212,257,266,307,414,652,687,992
195|96,675,701,702
200|861
201|576
209|206,209,907,932
213|324,707
218|153,160,188,200,215,323,382,456,523,690,933
219|719
224|597
226|126,477,896
227|111,179
233|2,3,670,687,796,830,958,962,990
240|107,443,455,460,671
244|996
252|1,30,36,37,66,73,74,76,210,243,257,282,317,326,331,543,549,580,593,596,606,625,632,643,682,748,761,827,848,986
264|878
276|410,413
285|727,740
289|316
295|19,93,611
297|59,79,120,141,201,234,281,348,417,425,552,598,654,792,810,831,849,864,866,893,922,926,962
301|209,931
302|153,158
311|362,421,423,424
314|582
316|48,334,569,741
320|1,35,85,93,465,741
323|27,41,42,44,94,171,201,560,587,594,600,608,656,715,727,740,749,822,897
327|410,413
339|103,195,676,711,760
343|707
354|93
356|5,29,90,180,285,408,409,445,778,826,842,883
360|440
365|39,41,49,52,332,522,573,639,660
376|39
377|731
384|202,408,409,599
386|156
387|108
397|10,42,102,134,355,385,460,553,560,606,650,685,736,792,811,822
401|896
406|725
408|11,456,464,553
417|562,601,629,752
419|2,13,60,61,64,77,205,227,557,697,707,739,986
422|83,664,741,747,986
424|12,39
425|20,100,132,164,191,229,381,419,478,578,620,665,790,836,945
426|63
427|45,176,417,621,678,871
428|493,558,735
429|16,31,71,126,152,202,214,217,231,240,246,271,277,334,941
436|239,740
446|11,459,630,863
451|298
452|246,601,629
460|2,35,171,340
461|7,169,327,329,333,344,485,979
464|352
469|612
472|12,29,39,80,91,95,102,120,122,123,136,138,708,786,850,868,876,987
473|87,422
495|79,229,945
498|415
507|118,578,622
509|250,254
510|129,819
518|912
523|95
525|513
538|15,38
545|261,650
558|68,118,165,325
562|12,31,41,45,59,90,148,173,190,771,833,838,847,912
567|45
569|200,757,840
576|13,21,71,557,697
579|703
586|81
588|69,422
598|1,153,158,544,829
607|22,23,30,37,40,44,78,138,258,527,627,630,632,714,946,988
614|5,34,99,162,379,502,553,587,758,842,893
618|190,365,771,833,838,847
619|33,119,241,242,285,289,339,372,382,551,599,996
625|153,884
634|399,407,420,432
638|154,204,205
646|479,533,548,625,659,661,714
649|30,61,177,178,479,716,723,735,946
650|7,9,400,607,729
653|592,609
654|72,143,149
660|60,61,532
661|42,77,140,185,194,283,436,685,723,763,808,818,823,914,921,986,996
663|525
665|301,796
669|36
671|71,83,150,208,261,311,311,516,534,626,727,740,747,830,841,843,974,974
674|283,723,996
675|7,816
676|79,486,571,885
677|1,2,45,95,335,449,621,998
680|8,12,43,50,115,405,482,497,502,524,636,645
684|949
685|91,95,120,122,136,138,680,750,751,753,757,759,784,786,805,806,913
686|796
690|78,627
696|17,18,22,35,41,49,95,103,136,144,196,197,198,342,380,467,506,555,564,590,699,919,920,987
698|54,66,98,99,117,143,149,151,185,193,194,227,351,358,417,428,434,547,609,690,914,921,924
702|112,618
704|39,235,437,815,948,998
707|11,107,137,459
708|109,110,111,112,135,141,147,151,156,166,526,533,589,634,709,712,718,776,798
710|30,37,632,754
711|8,178,239,290,293,330,336,977
712|302
714|538
716|29,34,64,80,82,91,95,102,107,120,122,123,136,138,149,185,194,228,234,241,243,255,261,293,308,317,330,403,414,643,708,744,786,789,817,850,868,876,914,950,971,987,991
717|485
725|78
731|218,219,354,942,989
735|513
738|412,473
741|32,164,700,751,779,846,901
742|16,36,73,74,278,447,538,684
746|659
747|72,129,597,984
756|307,319,336,384,961
759|404
761|63,182
762|74,178,520,563
763|5,274,468,681,838,997
767|296,485,946,977
779|4,87,373
785|841
787|18,681
795|164
801|45,227,234,235,621,687,707,721,948,949,969,978,985
802|0,15,38,596,729,827,848
803|222,470,510,744,929
814|485,489
817|633
819|171
825|55
839|170,548,866,905
840|365,816,829
843|212
849|12,215,371,385,642,658,894
850|92,528,584,588,597,620,664,749,853
855|62,581
856|0,6,15,17,19,20,21,22,25,28,37,38,65,79,81,91,92,109,110,114,115,117,120,121,127,132,135,138,140,145,146,147,150,152,162,163,167,169,171,174,175,185,187,193,196,197,209,213,217,234,235,237,254,257,258,265,268,279,294,295,299,301,304,305,308,310,320,322,325,326,331,358,359,378,394,417,427,428,454,463,471,472,503,558,570,592,635,636,638,640,643,645,688,690,691,698,716,735,745,746,790,792,820,827,828,829,831,836,845,849,850,860,870,879,881,893,917,941,942,948,949,957,958,960,965,967,968,971,973,974,976,978,980,982,984,987,990,992,993,998
857|24,26,28,94,99,107,136,464,567
859|4,13,46,59,154,204,205,365,434,512,669,699,759
860|440,444
861|874
863|433
864|40,176,499,630,752
865|970,987,995
867|61,145,155,597
869|555
883|46
884|308,971
885|408,409
890|20,100,118,132,145,352,419,523,541,578,620,665,790,802,836
891|161,262,596,955,956
893|343
894|23,47,58,61,66,142,147,189,199,212,223,225,233,338,398,572,677,737,877,928,946,952
895|76
896|351,614
899|59
906|227
912|1
915|130,245
918|3,8,474,492,626
919|213
922|19,20,22,23,27,41,50,76,89,102,374,386,426,498,502,524,528,534,563,568,580,636,660,676,683,823
923|6
931|168
933|869
935|98
937|887
939|4,58,72,240,246,590,591,607,626,816
940|57
943|542
945|363
950|116,749,763,797,958,990
954|80,82,94,157,160,163,175,211,238,448,666,670,701,991,999
961|116,149,194,797,801,921
967|48,59,101,729
970|392
971|80,82,115,356,587,638,660,682,858
972|289
973|29
978|11,456,465,553,574
979|31,214
984|103,494,655,880
987|170,400,583,722,905,931,994
990|526,607
992|145,163,285,820,845,974
993|166
995|6,60
997|12
1000|178
1002|64
1003|57,111,795
1005|537
1006|457,466,492
1008|184
1009|855
1023|50,621
1025|62,998
1029|313
1033|321,332,981
1042|180,183
1043|5
1045|988
1046|10,179,188,235,669,697,948,994
1047|7,32,160
1052|61
1056|27,163,201,205,335,691,811
1065|632
1069|891
1072|539,713,765
1080|846
1081|72,155,202,277,280,637,817,961
1086|10,82,129,147,153,157,158,159,165,170,175,414,546,563,574,586,693,869,884,911,983,991,999
1092|141,526,704
1094|717,867
1098|143,149,421,423,424,873
1103|72,116,215,230,292,705,707,824,840
1110|646
1114|489
1118|158,167,208,230,313,997
1119|122,221,266,399,407,432,679,687,689,749,867
1123|227,412
1128|161,200,217,625,909,941,994
1129|12,32,35,50,77,86,94,98,113,366,452,524,577,650,662,723,769,780,800,803,861
1130|865
1131|559
1135|538
1136|55
1140|40,59,127,208,529,555,564,678,809
1155|985
1171|707
1172|296,815,977
1178|25,592,640,684,772,794
1194|100,124,162,375,482,483,619,637,756,828,836
1207|384,400
1210|139,397
1215|384,628,984
1216|29,30,119,268,278,310,421,468,483,501,693,957,958,990
1224|0,55,169,328,477,486,629,749,805,863,904,994
1225|81,130,192,202,207,254,295,312,344,458,501,638,651,674,680,698,748,829,856,935,984,989
1229|8,145,178,259,290,293,330,336,722,737,904,916,943,977,994,998
1230|57,159,165,170,203,204,209,236,256,260,453,750,757
1232|82,138,484,492,518,537,538
1233|66,78,124,257,276,307,311,319,336,426,431,552,610,704,974
1235|149,151
1236|79,120,125,146,152,171,191,201,203,204,348,417,792,804,810,831,849,879,881,882,889,893,908,926,952,953
1237|19,31,35,37,79,87,109,114,120,121,124,167,455,472,674,703,711,731,760,768,831
1238|62,100,165,168,235,687,693,790,948,989
1244|19,20,52,636
1245|34,40,274,314,341,764,917,975,997
1246|70,289,390
1249|403
1254|62,195,348,542,574
1260|45,103,431,566,708,995
1261|15,38,91,303,452
1262|1,12,19,20,21,24,34,47,77,90,92,102,115,121,131,140,218,219,360,361,418,426,452,472,475,499,533,584,588,636,664,698,792,878,942,989
1263|781,785
1270|367,369,713,720
1271|538
1279|91,125,146,152,157,234,235,439,784,804,810,852,879,881,948,969,979,985
1283|31,220,339,815,840
1284|156
1286|568,763
1289|247
1291|29,208,325
1295|422
1298|13,28,42,44,46,48,75,522,568,569,594,615,623,669,719,788,898
1303|243,282,317,326,331,353,374,986
1308|42,173,256
1309|177,938
1317|489
1323|450
1329|545
1332|402
1334|221,954
1338|71,626
1346|816
1348|8,488,602
1352|134,576,631,741,753
1357|175,205,264,267,464,486,656,661,911,985
1365|214
1366|305,310,910
1368|5,8,14,33,349,377,420,430,459,474,504,507,519,633
1371|551
1376|52,274,313
1377|69
1381|150
1386|3,659
1389|133,570,713,720
1396|598
1401|116,165,333,977
1402|795
1403|164,229,945
1410|150,739
1412|291,966
1413|9,299,650,851,930
1415|200
1416|24,90,140,339,340,341,342,343,344,345,346,347,348,349,350,351,352,353,354,355,356,357,358,359,360,361,362,363,364,365,366,367,368,369,370,371,372,373,374,375,376,377,378,379,380,381,382,383,384,385,386,387,388,389,390,391,392,393,394,395,396,397,398,399,400,401,402,403,404,405,406,407,408,409,410,411,412,413,414,415,416,417,418,419,420,421,422,423,424,425,426,427,506,767,814
1424|223,243,256,257,279,280,296,297,298,299,332,333,334,335,336,352,353,359,367,375,377,391,394,421,422,431,435,452,458,463,470,473,476,477,478,479,480,481,482,483,484,485,486,487,488,489,490,509,514,515,516,517,518,525,531,541,543,547,554,555,561,567,568,569,580,586,587,588,598,601,610,611,612,614,616,617,620,623,624,625,626,627,628,629,630,631,632,633,634,635,636,637,638,639,640,641,642,643,644,645,646,647,648,649,650,651,652,653,654,655,656,657,658,659,660,661,662,663,664,665,666,667,668,669,670,671,694,695,698,701,706,722,723,724,728,754,766,777,778,784,808,809,810,811,812,813,814,821,831,839,840,855,856,857,867,872,873,885,896,897,898,908,909,910,919,920,921,922,923,924,925,926,927,928,929,930,931,932,933,934,935,936,960,961,962
1425|240,241,242,255,278,294,295,327,328,329,330,331,344,345,348,354,355,356,357,358,359,360,361,362,363,366,370,374,376,378,379,394,395,396,397,398,401,422,423,424,430,438,439,454,464,465,466,467,468,469,470,471,472,473,474,475,477,482,486,494,501,502,503,504,505,526,530,536,540,543,551,552,553,555,564,565,566,568,577,584,585,597,598,599,600,601,602,603,604,605,606,607,608,609,610,611,612,613,614,615,616,617,618,619,620,621,622,631,637,644,648,649,650,651,652,683,690,691,692,693,694,695,696,697,711,719,720,721,727,733,743,753,764,765,776,783,790,791,797,798,799,800,801,802,803,804,805,806,807,810,811,820,838,852,853,854,884,895,905,906,907,908,909,910,911,912,913,914,915,916,917,918,928,937,938,950,967
1426|216,217,218,219,220,221,222,223,224,225,226,227,228,229,230,231,232,245,246,305,306,307,327,342,349,350,351,353,356,357,358,359,365,374,404,414,418,427,432,457,471,476,478,496,500,504,507,509,510,511,512,513,514,515,516,517,518,519,520,521,522,524,530,531,532,536,545,550,570,571,572,573,574,575,583,592,593,614,634,641,661,662,663,664,665,669,675,689,696,703,704,705,707,713,714,715,716,717,718,719,720,721,722,723,724,725,726,727,728,729,730,731,732,733,734,735,736,737,738,739,740,741,742,743,744,745,746,747,748,749,750,751,752,753,754,755,756,757,758,759,768,793,802,803,804,813,823,824,827,828,829,830,831,832,833,834,842,843,860,875,887,888,889,890,899,900,901,902,903,912,932,933,939,940,941,942,943,944,945,946,955,969,970
1427|86,224,225,244,258,259,281,282,300,301,302,303,304,329,337,338,340,352,358,360,361,367,369,373,375,376,377,378,393,395,400,419,420,437,440,449,450,456,462,464,471,475,476,483,487,488,489,490,491,492,493,494,495,496,497,498,499,500,501,502,503,504,505,506,507,508,518,519,520,522,527,528,529,534,534,535,537,538,539,544,546,556,558,569,574,584,587,589,590,591,599,613,625,626,632,633,639,640,646,648,656,657,658,659,660,663,672,673,674,675,676,677,678,679,680,681,682,683,684,685,686,687,688,689,690,691,692,693,694,695,696,697,698,699,700,701,702,703,704,705,706,707,708,709,710,711,712,725,726,727,728,729,734,735,744,755,756,767,767,792,801,812,815,816,817,818,819,820,821,822,823,824,825,826,832,841,858,859,874,886,911,930,931,937,938,963,968
1428|216,217,218,219,220,221,222,223,224,225,226,227,228,229,230,231,232,233,234,235,236,237,238,239,240,241,242,243,244,245,246,247,248,249,250,251,252,253,254,255,256,257,258,259,260,261,262,263,264,265,268,269,270,271,287,288,289,290,291,292,293,294,295,296,297,298,299,300,301,302,303,304,305,306,307,308,309,310,311,312,318,319,320,341,343,344,345,346,347,348,349,352,362,372,379,380,381,382,383,384,385,386,391,392,393,394,395,396,397,398,399,400,401,402,403,404,405,406,407,408,409,410,411,412,413,414,415,416,417,426,428,430,435,436,437,438,439,440,443,446,453,455,456,457,465,470,472,481,485,491,492,501,506,510,511,515,523,533,534,535,538,540,541,542,543,544,545,546,547,548,549,550,551,552,553,554,555,556,557,558,559,560,561,562,563,564,565,566,567,568,569,570,571,572,573,574,575,576,577,578,579,580,581,582,583,584,585,586,587,588,589,590,591,592,593,594,595,596,597,598,599,600,601,602,603,604,605,606,607,608,609,610,611,612,613,614,615,616,617,618,619,620,621,622,623,624,625,626,627,628,629,630,631,632,633,634,635,636,637,638,639,640,641,642,643,644,645,646,647,648,649,650,651,652,653,654,655,656,657,658,659,660,661,662,663,664,665,666,667,668,669,670,671,672,673,674,675,676,677,678,679,680,681,682,683,684,685,686,687,688,689,690,691,692,693,694,695,696,697,698,699,700,701,702,703,704,705,706,707,708,709,710,711,712,713,714,715,716,717,718,719,720,721,722,723,724,725,726,727,728,729,730,731,732,733,734,735,736,737,738,739,740,741,742,743,744,745,746,747,748,749,750,751,752,753,754,755,756,757,758,759,760,761,762,763,764,765,766,767,768,769,770,771,772,773,774,775,776,777,778,779,780,781,782,783,784,785,786,787,788,789,790,791,792,793,794,795,796,797,798,799,800,801,802,803,804,805,806,807,808,809,810,811,812,813,814,815,816,817,818,819,820,821,822,823,824,825,826,827,828,829,830,831,832,833,834,835,836,837,838,839,840,841,842,843,844,845,846,847,848,849,850,851,852,853,854,855,856,857,858,859,860,861,862,863,864,865,866,867,868,869,870,871,872,873,874,875,876,877,878,879,880,881,882,883,884,885,886,887,888,889,890,891,892,893,894,895,896,897,898,899,900,901,902,903,904,905,906,907,908,909,910,911,912,913,914,915,916,917,918,919,920,921,922,923,924,925,926,927,928,929,930,931,932,933,934,935,936,937,938,939,940,941,942,943,944,945,946,947,948,949,950,951,952,953,954,955,956,957,958,965,966,967,968,969,970,971,972,973,974,979,980
1429|86,233,234,249,266,267,268,269,270,271,272,273,274,275,276,277,278,279,280,281,282,283,284,285,286,287,288,289,290,291,292,293,294,295,296,297,298,299,300,301,302,303,304,305,306,307,308,309,310,311,312,313,314,315,316,317,318,319,320,321,322,323,324,325,326,327,328,329,330,331,332,333,334,335,336,337,338,339,340,341,342,343,344,345,346,347,350,351,354,355,361,387,388,389,390,392,396,397,398,411,412,413,414,415,416,417,419,420,435,441,442,444,445,448,451,454,459,460,464,465,466,467,476,480,484,487,488,489,490,497,508,509,510,514,521,527,532,537,540,541,542,543,544,545,546,551,558,562,567,579,580,581,582,589,592,597,598,599,600,602,606,607,610,615,623,624,625,626,627,628,648,666,672,673,674,675,676,677,682,685,690,699,704,713,714,715,719,720,730,737,738,748,760,761,762,763,764,765,766,767,768,769,770,771,780,786,787,797,808,815,816,827,846,847,865,866,867,879,880,905,919,920,921,939,947,951,957,958,959,960,961,962,963,964,965,966,967,968,969,970,971,972,973,974,975,976,977,978,979,980,981,982
1430|86,149,151,221,222,238,239,244,254,274,275,276,277,291,292,293,325,326,339,343,346,362,364,365,366,367,368,369,370,371,372,373,399,400,401,402,403,418,425,426,432,436,448,449,454,455,456,457,458,459,460,461,462,463,464,469,497,498,499,500,512,513,516,520,525,526,542,564,573,579,580,581,582,583,584,585,586,587,588,589,590,591,592,593,594,595,596,603,604,605,611,624,630,644,645,646,647,650,653,658,672,673,685,686,687,688,689,698,714,716,732,741,742,752,763,775,782,786,787,788,789,790,791,792,793,794,795,796,819,830,837,851,871,883,893,894,895,896,897,898,899,900,901,902,903,904,924,925,926,927,959,965,966,968,982
1431|218,219,220,236,237,252,253,266,267,268,269,270,271,272,273,274,275,276,277,278,279,280,281,282,283,284,285,286,287,288,289,290,291,292,293,294,295,296,297,298,299,300,301,302,303,304,305,306,307,308,309,310,311,312,313,314,315,316,317,318,319,320,321,322,323,324,325,326,327,328,329,330,331,332,333,334,335,336,337,338,340,341,342,344,347,363,371,373,374,375,376,377,378,379,380,381,382,383,384,385,386,387,388,389,390,404,405,427,431,433,436,441,442,443,444,445,446,447,448,449,450,451,452,453,458,466,467,468,477,478,479,493,494,495,496,498,502,511,512,519,523,524,539,549,550,554,558,559,560,561,562,563,564,565,566,567,568,569,570,571,572,573,574,575,576,577,578,579,602,635,636,637,638,639,640,641,642,643,656,661,662,682,683,684,686,687,691,700,705,717,718,725,726,731,740,750,751,762,772,773,774,780,781,782,783,784,785,789,798,799,818,829,836,850,869,870,879,880,881,882,883,884,885,886,887,888,889,890,891,892,942,949,952,953,954,957,958,959,960,961,962,963,964,965,966,967,968,969,970,971,972,973,974,975,976,977,978,979,980,981,982
1435|732
1436|216,217,218,219,220,221,222,223,224,225,226,227,228,229,230,231,232,233,234,235,236,237,238,239,240,241,242,243,244,245,246,247,248,249,250,251,252,253,254,255,256,257,258,259,260,261,262,263,264,265,285,286,306,311,312,353,354,356,357,364,385,391,406,407,408,409,423,429,433,434,440,453,463,468,469,474,475,479,505,508,532,533,534,535,536,537,538,539,544,546,557,563,575,578,581,595,596,609,613,619,620,621,622,628,642,643,647,652,665,671,676,680,681,697,709,710,711,712,715,724,747,748,749,750,751,752,753,754,755,756,757,758,759,770,779,785,795,796,807,826,834,845,846,847,848,849,850,851,852,853,854,855,856,857,858,859,860,861,862,863,864,865,866,867,868,869,870,871,872,873,874,875,876,877,878,879,880,881,882,883,884,885,886,887,888,889,890,891,892,893,894,895,896,897,898,899,900,901,902,903,904,905,906,907,908,909,910,911,912,913,914,915,916,917,918,919,920,921,922,923,924,925,926,927,928,929,930,931,932,933,934,935,936,937,938,939,940,941,942,943,944,945,946,947,948,949,950,951,952,953,954,955,956,972,973,974
1437|227,228,233,234,235,236,237,238,239,240,241,242,243,244,245,246,247,248,260,261,283,284,308,309,310,333,341,346,348,355,360,365,366,368,386,392,393,399,410,434,438,439,442,451,452,460,461,462,472,473,483,484,485,486,492,513,521,522,523,524,525,526,527,528,529,530,531,542,548,557,566,576,577,585,588,590,591,593,594,595,596,615,616,617,618,621,627,655,660,666,667,668,669,670,671,679,684,706,707,708,709,710,721,729,737,738,739,740,741,742,743,744,745,746,747,758,760,761,762,763,764,765,766,767,768,769,770,771,772,773,774,775,776,777,778,779,780,781,782,783,784,785,786,787,788,789,790,791,792,793,794,795,796,797,798,799,800,801,802,803,804,805,806,807,808,809,810,811,812,813,814,815,816,817,818,819,820,821,822,823,824,825,826,827,828,829,830,831,832,833,834,835,836,837,838,839,840,841,842,843,844,845,846,847,848,849,850,851,852,853,854,855,856,857,858,859,860,861,862,863,864,876,891,904,913,914,915,934,935,943,944,947,948,949,950,964,971
1438|92,135,210,825,924,942,993
1440|53,118,437,802
1444|289
1445|109
1446|122,226,749
1454|40,109,125,581,585,597,614,621,628,630,632,646,650,680,684,687,689,705,707,710,712,716,721,722,724,726,728,734,735,738,739,743,748,761,764,772,783,791,799,801,804,813,818,848,855
1455|40,109,125,581,585,597,614,621,628,630,632,646,650,680,684,687,689,705,707,710,712,716,721,722,724,726,728,734,735,738,739,743,748,761,764,772,783,791,799,801,804,813,818,848,855
1461|51
1464|36,305,310,338,357,481,558,616,878,894,910,923
1465|338,894,923
1466|871
1470|9,515
1471|111,150,320,646,742,789,826,848
1472|304,968
1479|193,226
1480|11,18,94,136,172,449,471,564,670,827
1482|70,390,991
1483|115
1484|56,77
1486|29,134,142,238,247,349,702,816,837
1488|161,383
1491|150
1499|156,996
1504|250,270
1506|164,302,369,424,677,835
1508|250,270
1510|250,270,306
1514|182
1521|20,31,79,118,126,145,148,155,158,162,217,240,246,613,802,815,941,944
1525|250,270
1526|49,66,71,103,312,603,626
1529|70,198
1536|37
1539|112
1546|664
1549|371
1550|25,102,172,612,639,640
1554|679
1556|464,533,565,775,799,814,858
1557|77,212,223,322,623,861,936,982,992
1560|429
1562|985
1566|6,92,224,266,405,430,505
1569|495,503,511
1570|7,448
1571|44,235,372,411,700,835,948,994
1575|772
1579|73,545,655,668
1582|10,17,18,22,28,35,41,49,72,77,82,95,126,128,136,140,350,374,393,429,447,453,472,491,506,530,544,555,557,613,626,699,793
1591|119,154
1594|68,84,158,177,201,211,692,707,926,938,946
1598|653,669,719
1600|61
1601|157,403,430,733,892
1605|309
1606|111,323,903
1608|12,18,139,163,432,433,613,636,645,657
1609|569,579,690,918
1610|17,75,859
1617|196,197,919,920,987
1618|180,263,275,315,328,570,680,688,839,939,959
1619|725
1621|46,67,95,174,208,229,945
1622|206
1623|52,63,110,235,415,517,520,657,735,842,948,994
1629|58,81,415,450,674
1640|119,206,230,279,894,923,960,998
1641|613,740,931
1647|99,502,758
1650|37,475
1652|4,77,125,167,264,267,362,376,410,418,583,602,607,612,619,623,637,691,695,773,781,814,837,861,879,936,951
1653|356,378,587,614
1658|597
1660|73,74
1661|159,171,495,509,510,518,525,537,544,609,733,753,757,759,862,899
1674|276,307,319,336
1677|712,742
1680|464,799
1683|732
1690|376,395
1694|286
1695|232,251,292,947,970,999
1696|682,944
1700|946
1709|26,123,126,425,807
1714|55,69,184,188,192,249,272,276,284,321,406,416,462,468,469,599,869,886,964,974,981
1715|8,155,202,207,212,220,223,293,322,330,872,982,989,991,992
1716|99
1722|440
1730|25,640
1732|27,28,43,73,85,443,460,500,545,611,623,689,712,725,744,815
1733|11,26,34,83,482,601,629,662
1734|617,708,963
1735|31,423,726,778,779
1739|65
1742|13,172,196,230,404,448
1746|79,165,168,551,674,703,725,736
1748|150,208,516,830,843
1749|21,27,28,81,97,128,186,607,617,645,674,728,743,813
1750|367,396,452,511,522,528,557,653,655,672,706,719,720,725,793,844
1754|54,62
1763|65
1764|10,55,65,91,133,135,138,159,164,338,546,563,585,634,749,750,757,784,806,821,943,952,969,994,998
1766|139,210
1770|74,84,86,176,179,191,198,231,549,663,780,918
1771|147,156,218,219,248,437,814,870,893,942,988,989,999
1772|841
1773|854
1775|375
1776|422
1778|15,38,65,89,110,164,168,171,215,252,253,272,300,467,550,671,798,815,887,901,954
1780|386
1783|114,692
1785|41,514
1791|85,93,287,288,616
1792|799,859,989
1793|420,504,507,698,847,875
1796|254,282,761
1797|4,21,27,28,34,43,87,103,379,497,539,644,645,713,736,765,823,824,843,957,958
1801|615,730
1802|166,745
1805|42,80,98,104,113,124,142,144,194,197,206,225,436,582,659,696,794,842,866,872,875,877,880,898,906,907,923,932
1806|641
1807|53
1808|143,652,681,745
1812|133,555,680,728
1818|746
1819|825
1820|51,633,860
1829|231
1831|197
1840|178
1842|143,159,196,197,260,313,333,919,920,987,996,997
1847|52
1848|530
1850|269,938
1851|799,884
1853|42,173
1854|1,162,188,215,337,367,369
1856|235,948
1865|15,17,38,79,87,89,96,126,144,151,186,400,622,781,785,787,792,803,807
1867|10,557
1876|67,83,114,115,240,643,691,711,745,773,987,995
1877|481
1882|30,652,756,758,762,764,765,767,824
1889|722
1898|67,86,92,123,148,149,155,166,193,339,364,416,567,780,893
1900|10,39,40,42,46,50,53,85,102,134,354,355,356,361,364,365,370,403,434,443,493,498,502,522,524,560,567,623,624,628,632,649,660,736,823,837
1902|973
1905|386
1909|559
1911|80,137,173,360,589,594,662,665
1913|11,34,47,482,627
1918|56
1921|108,181,233,364,739,909
1932|26,36,45,92,96,116,123,124,126,162,333,375,482,483,566,614,619,630,677,682,684,687,756,787,793,803,807,843,977
1934|63
1935|77,93,664,742,983
1937|452
1938|607,617,673
1939|56,58,101,121,149,162,182,194,203,234,241,243,254,255,299,308,327,345,346,389,391,401,445,473,484,486,490,571,572,591,817,851,921,944,950,971,991
1940|114,197,326,832,978,987
1941|94,448,618,670,983,999
1948|448
1951|369,424,677,835
1954|614
1955|26,86,118,131,167,186,255,279,362,376,418,463,543,583,593,602,612,619,637,691,731,773,781,802,837,938,960
1957|160
1960|478
1961|862,863
1962|349
1965|248
1967|862,863
1970|187,421
1973|72,85,148,192,200,214,250,269,290,347,419,498,501,548,554,558,562,606,621,638,647,648,674,676,711,729,754,760,771,804,810,820,824,845,870,881,930,938,994,996
1975|155,183,238,244,247,258,927
1976|245,411,591,972
1978|263,275,959
1980|84,201,508,926,946
1981|9,13,16,24,25,27,42,44,64,72,85,89,93,94,99,102,106,108,115,117,118,129,134,143,158,159,163,167,168,170,172,173,175,176,178,180,181,183,184,187,188,195,196,198,212,230,257,266,296,307,333,353,354,355,356,358,359,362,368,370,371,373,376,379,385,387,395,406,426,441,442,446,454,466,470,476,494,499,500,512,514,515,540,559,560,565,567,575,577,583,584,587,595,600,602,608,611,612,616,619,620,637,639,691,692,694,715,756,766,767,770,773,774,775,778,781,802,811,812,822,854,886,895,900,903,905,915,977,992,995,998
1982|71,490,799,884
1983|529,840
1986|103,416,752,762
1994|33,184,727
1996|43,56,116,117,335,724,801,986
2007|65,169,187,237,305,310,949,967,993
2010|389,391,894,944
2012|13,19,20,21,25,48,107,122,123,232,237,305,310,465,569,594,597,636,651,663,669,671,676,681,683,699,713,719,720,727,739,740,745,767,788,851,947,949,967,993,995
2015|78,610,729
2018|108,812
2022|695
2024|419,724,746
2027|387,514,588
2029|687,689
2030|632,804
2044|12,26,39,123,126,139,163,601,613,629,636,645,657,807,864
2045|42,90,385,539,560,568,582,651,661,736,837,983
2046|105,214,556,707
2074|488
2080|44,122,432
2095|15,38,230,386
2112|98,113,214,582,772,800,842,847,850,883,885,937
2119|531
2122|58,90,97,159,165,170,285,291,749,763,826,883,924,966
2123|188
2125|1,3
2128|227
2129|18,47,76,83,87,130,137,141,186,248,418,483,519,554,623,661,755,776,849
2132|293,330
2139|438,586
2144|52
2150|207,934
2168|283,902,996
2171|55,58,119,189,302,487,540,900
2176|69,106,129,158,175,285,556
2178|746
2180|50,385
2181|17,214
2182|944
2183|64,134,142,360,595,744
2184|763,823,925
2185|67
2186|826
2187|184
2189|337
2190|101,296,546,791,977
2191|260
2199|5,84,88,448,681
2203|206,481,696,752,755
2204|741
2205|116,292,797,957,958,990
2206|607
2222|70,192,598,826,867,869,965
2226|160,475
2227|575
2232|1,81,137,730,755
2234|323
2235|496,603
2238|8,34,35,42,140,151,460,474,475,560,573,577,605,661,712,855,902
2241|442
2243|251,951
2246|890
2249|518
2255|783
2256|487
2257|2
2258|1,6,22,23,28,36,43,48,58,68,72,77,91,93,94,98,113,127,128,133,137,138,147,188,208,211,242,270,271,287,288,292,300,355,379,416,418,426,438,477,491,492,530,531,556,573,575,577,586,588,594,605,631,660,662,724,750,769,784,788,800,805,806,808,809,813,852,864,879,887,888,890,896,965,983,989,999
2261|266,992
2276|75,103,139,745,783
2283|100,101,183,189,193,209,232,241,324,562,791,830,947,950
2295|68
2302|141,704
2312|198,559,995
2315|259,925
2319|900
2326|44,106,370,373,404,405,423,464,489,514,742,846
2330|242
2331|721,987,996,997
2332|739,925,936
2334|56,70,179,186,265,347,392,451,496,824
2340|24,47,49,82,106,144,150,182,638
2342|74,549,595,616,635,742
2354|133
2361|144,196,198
2362|912
2364|30,470,652
2366|3,214,375,379
2375|31,37,52,75,95,167,361,614,715,731,732
2381|61
2383|97
2389|17,43,52,302,478,594,767
2392|161,910
2398|84,88,687,989
2416|6,32,34,40,64,81,97,101,116,120,121,154,169,185,199,236,265,279,282,294,303,314,326,329,341,345,472,521,544,646,647,667,689,710,721,728,743,746,748,760,764,768,772,783,789,791,801,818,821,828,831,847,862,875,928,960,975,976
2449|68,138,272
2450|116,607,801
2452|59,994
2457|25,43,76,93,140,218,219,362,368,370,386,458,460,565,580,589,610,617,633,666,709,859,942,989
2461|463,578,611,700
2467|129
2468|66,190,194,921
2470|84,209,272,911
2474|146,221,290,954
2477|108,252,253,585,909,954
2478|402,755
2479|400,646
2480|848
2481|13,18,27,39,46,47,74,81,105,114,131,137,138,140,141,143,149,150,156,176,183,248,332,339,341,386,464,468,494,499,512,526,528,533,549,563,600,608,623,624,635,644,660,686,689,698,704,715,741,741,742,766,767,814,842
2484|32,72,104,119,121,128,132,152,154,193,199,205,207,209,289,312,314,546,637,657,682,685,748,775,813,870,935,975,986,998,999
2485|281,962
2488|145
2490|628,632
2501|2,32,164,298,751,779,846,901
2510|175
2511|464,468
2515|283,996
2516|44,142,372,386,575,835,837,891,984
2518|78,124,195,355,455,627,686
2520|727,740,851
2528|289,861
2533|176,213,319,746,993
2538|55
2540|8,62,200,386,388,389,391,393,396,398,422,425,429,444,883,933
2543|860,904,916,943,994,998
2546|558
2554|68,188,200,215,256,377,673,895,933
2555|89,166
2561|379
2570|349,440
2572|60
2576|162,166,421,483
2578|35,41,42,48,100,102,138,150,166,167,312,363,366,494,522,528,553,560,569,600,603,623,637,664,703,721,722,739,742,769,790,828,836,853,855
2579|540,541
2580|73,963
2582|262,309,956
2584|536,983
2587|2,26,32,90,340,373,418,448,464,468,519,601,615,618,681,745,814
2588|890
2592|40,527
2593|54
2595|851
2596|12,43,50,115,344,405,482,497,502,524,636,645,758,774
2599|69
2603|88,89,112,117,154,196,197,231,339,604,605,773,919,920,942,987,988,989
2606|34,80,534,657
2607|4,416
2610|3,625,665,714,779,792
2614|412
2615|682
2616|265
2618|699
2620|57,71,105,493,509,626
2622|868,988
2628|180,705,991
2635|282,363,821,834
2639|379,500,618,832
2640|53
2645|59
2648|570
2652|3
2654|386,903
2656|570
2657|91,126,334,718,774,850
2658|423,464,646,789,924
2660|8,14,33,76,97,105,343,350,415,474,493,580
2662|10,36,60,71,161,557,972,997
2673|217,596,941
2674|100,637,828,996
2676|110,305,310
2677|42,64,80,98,104,113,124,142,144,190,194,197,206,225,249,284,489,659,696,742,794,866,872,875,877,880,898,906,907,923,932,964
2680|13,172,196,289,534,843,847,984
2681|758
2683|718
2685|6,174,972
2686|207,330,468,934
2689|846
2691|76,85,96,181,435,483,522,600,606,651,698,701,702
2693|9,29,30,43,68,117,399,406,407,746,878
2698|53,362,498,502,524,597
2703|661
2712|585,687
2716|177,211,825,938
2719|320,331,857,965,992
2725|7,14,16,33,69,78,80,90,110,112,156,174,177,228,242,264,267,358,489,569,579,627,643,690,796,917,918,951
2730|322,740,982
2731|23,47
2735|35,87,109,628,632,655,855
2736|64
2737|180,819
2738|119,528,855,858,996,997
2740|70,390,601
2741|69,886
2746|224,403
2751|48,60,83,96,121,132,141,147,157,161,168,175,179,199,201,203,210,237,245,249,281,284,287,288,290,297,302,305,310,321,332,352,458,479,523,543,562,569,579,593,635,648,651,690,726,746,775,777,789,808,833,838,857,860,864,891,892,896,897,900,902,903,904,912,913,916,929,930,943,949,961,963,964,981,992,993,994,998
2755|105,851,856
2759|70,400,883,885
2761|42,118,173,184
2763|202,325
2764|623
2767|181,545
2773|177
2775|561
2777|67,625,714,779
2778|399,407,432,437
2780|25,42,85,89,102,129,173,184,188,198,354,356,368,370,373,387,470,476,494,499,500,512,514,515,560,565,567,584,587,595,600,608,611,616,639,692,694,715,756,766,767,770,778,822,895,915,995
2787|581
2792|224,367,374,396,434,452,511,522,528,557,653,655,672,706,719,720,725,793,844,993
2802|2,3,5,9,12,32,40,43,75,78,88,93,136,140,174,340,362,368,371,375,417,427,428,463,465,471,515,527,596,606,623,627,641,722,735,782,815,834
2804|57,83,747
2805|2,107,340
2806|59,84,88,145,155,241,243,308,650,687,698,950,971,993
2807|174,262,422,503,955,956
2809|114,152,170,202,231,271,334
2814|6,32,36,606
2816|868
2817|75,112,216,220,320,329,940,967
2818|83,125,130,130,146,197,245,325,337,579,746,804,879,881,906,944,995
2819|5,39,56,81,86,101,109,110,111,112,128,141,147,151,166,186,192,194,197,203,234,254,327,346,497,526,533,571,589,654,674,680,709,712,718,726,743,761,776,798,813,921,991
2820|11,18,139,169,471,564,735,827
2823|586,939
2824|11,34,482,944
2825|14,33,110,164,215,249,284,285,321,599,798,883,901,964,974,981
2826|739
2829|2,340,677
2830|478,762
2832|163
2834|290,304,347,451,620,739,968
2838|42,46,84,94,122,341,560,608,642,694,770,777,788,806,815
2839|185,191,634
2840|181
2842|86,213,859,924
2845|4,9
2847|51,56,91,97,98,104,105,113,139,199,205,207,210,214,224,233,278,323,327,397,464,465,468,483,572,628,633,650,784,847,861,883,935,986,999
2851|523,909,936,937
2857|54,57,91,120,133,135,136,159,167,173,178,236,367,369,407,706,720,725,784,812,835,844,845,882,898,916,953
2859|235,422,687,948
2860|24,60,72,73,74,89,93,99,108,115,117,118,119,143,181,187,196,206,362,376,395,583,602,612,619,620,637,773,774,781,802,812,854,886
2862|66,134,159,171,189,414,597,679,732,853,899
2864|83,129,361,363,364,819,891
2865|111,124,135,139,142,147,155,179,199,200,201,225,275,316,338,397,410,413,634,680,867,877,889,923,926,927,928,959,993,998
2868|55
2869|1,16,48,137,556,724
2870|21,89,370,737
2871|166
2873|484,504,507,673,754
2874|116,149,194,280,797,801,921
2879|22,23,43,44,45,85,89,92,113,140,249,332,343,356,366,368,372,378,458,500,506,566,577,618,668,669,699,719,793,800,803,835,843
2880|187,188,235,440,948,998
2881|51,107,440,443,455,460,671,695
2882|374,434,995
2884|53
2886|14,33,40,90,110,177,199,212,223,273,305,310,322,359,485,978,982,984,992
2893|332
2895|436
2897|45,76,84,92,122,131,140,475,566,580,630,642,650,686,712,770,777,793,806,893
2898|76,317,580,627
2899|66,134,189,679,732,853
2901|705
2903|300
2909|58
2910|73,74,92,762,944
2911|1,15,17,19,21,25,31,37,38,65,92,109,127,187,194,213,235,290,312,329,342,372,378,380,388,427,454,457,459,462,472,485,506,519,527,550,555,558,578,590,592,599,606,625,640,644,673,675,678,683,685,704,768,829,832,840,921,948,949,961,965,979,998
2913|40,133,146,153,169,271,438,531,748,829,879,884,957,958,986,990,995
2914|113,271,748,800,957,958,990
2916|70
2917|37,131
2920|552
2922|100,183,193,209,210,232,241,324,529,830,947,950
2923|130,141,554,776
2924|844
2925|89,95,762
2926|153,158
2930|165
2931|658
2932|168,756,758,762,764,765,778,797
2934|74,89,178,210,214,520,563
2936|157,667
2937|400
2938|0,39,84,92,100,375,469,498,825,925,942
2940|530
2945|211,521,687,992
2946|55
2947|108,291,812,966
2948|423,441,464,924
2949|383,721
2952|36,110,112,132,146,158,174,175,185,187,203,204,217,220,231,237,240,246,268,299,301,304,305,310,322,329,334,431,445,718,738,870,879,881,882,889,893,904,908,916,943,949,952,957,958,967,968,980,982,988,989,990,993,994,998
2954|309,372,885,955,976
2955|233
2956|448,532
2959|35,155,212,223,239,273,927
2961|574
2968|653,655,669,719
2971|56,57,61,401,490
2972|39,149,535,676,683
2973|64,75,220,734,989
2974|73,88,118,132,146,152,182,188,203,204,237,245,305,310,326,501,593,630,802,834,860,878,930,949,961,963,978,987,992,993
2975|114,647
2976|160,682,688,693
2978|139,144,164,929,997
2980|10,11,15,38,46,459,581,589
2981|0,25,35,37,39,47,49,65,71,99,100,115,134,135,138,144,152,155,159,187,200,211,227,263,291,315,330,375,376,399,469,498,539,653,655,672,697,713,731,794,820,839,849,851,860,894,898,927,938,939,943,966,993,997,998
2982|3,12,26,31,49,95,105,131,133,210,213,376,394,395,573,589,620,623,662,709,718,764,786,807,899,908,916,993
2983|2,58,241,242,841
2984|114,166,421,972
2985|143,361,373,493,522,781,785
2987|27
2988|10,20,63,78,83,122,132,144,152,164,189,213,224,239,273,318,395,419,486,579,733,746,821,831,836,915,923,943
2989|891,896
2990|48,54,598
2991|36,43,58,198,270,271,287,288,292,454,541,662,856,989,995
2992|4,21,25,27,378,444,649
2995|2,3,37,47,49,224,268,287,288,357,367,369,398,430,505,539,592,653,655,672,677,687,697,706,713,720,725,733,796,830,835,844,873,957,958,962,990
2997|662
2998|130,591,761
3000|21,22,23,25,58,378,396,427,428,446,463,471,474,478,489,508,528,534,542,592,635,636,640,645,700,735,765,828,873
3001|75,81,142,161,187,251,276,344,350,457,480,507,543,674,852,910,939,951,999
3005|352,585
3007|155,202,280,617,850,937
3009|461
3011|4,54,61,66,166,229,381,384,684,716,722,737,856,945,985
3012|289,307,319,336
3013|297,305,310
3025|57,155,327,329,333,348,583,927,979,986,994
3028|394,453,517,520,841
3030|14,16,33,64,65,127,165,201,221,222,305,310,350,412,425,696,755,826,864,922,926,954,998
3031|235,841,948,985
3034|119,874
3035|174,229,685,945
3040|60,463,578
3044|58,617
3049|67,341,665,766
3052|28,68,72,88,91,93,98,113,118,127,128,132,133,138,146,152,161,182,203,237,245,282,305,310,326,418,438,477,491,530,531,586,588,594,631,660,750,769,784,788,800,802,805,806,808,809,813,834,852,860,866,874,878,887,888,890,930,949,961,963,978,987,992,993
3054|5,7,9,13,44,58,60,65,70,73,74,76,97,106,160,195,347,353,392,394,402,406,439,441,442,451,453,495,496,517,520,525,540,541,559,609,641,642
3056|180,673
3057|89,248,582,597
3059|60
3061|346
3062|216,940
3063|216,940
3064|135,159,260,445,634,751,898,913,953,969,994
3066|84,122,642,770,777,806
3067|662
3069|175,890,895
3072|86,780
3074|69
3102|118,802,815
3104|66
3105|985
3107|4,94,136,670
3108|8,200,204
3111|53
3114|48,121,137,360,569,851,853
3123|92,165,579,681,745,983
3129|57,985
3132|955,976
3139|0,380,382,389,391,437
3142|922
3157|446,447,508,534,542,765,873
3166|97,154,613,682
3169|170,479
3171|74,341,549,635,672,675,676,683,706,766
3172|202
3175|496,963
3176|724
3182|0,14,90,156,351,358,643,888,890
3185|985
3188|28,37,56,57,61,123,172,231,257,490,595,722,742
3191|618
3197|166,988
3202|0,2,3,15,23,38,44,57,77,85,105,114,117,124,128,148,152,156,158,162,164,165,168,170,173,185,192,199,200,203,204,207,210,215,264,267,283,309,311,325,327,335,372,375,437,458,482,483,489,528,543,551,554,556,561,593,606,619,625,651,658,687,701,702,717,723,736,756,768,771,775,824,835,846,860,867,871,882,883,885,889,901,905,906,908,915,917,933,934,936,937,952,967,969,974,986,994,998
3212|46,54,66,80,127,301,315,397,440,508,516,593,808
3214|40,41,44,49,136,248,733,755,861
3215|3,51,127,411,451,505,536,633,826,860,984
3217|419
3218|53,448
3220|42,55,69,129
3225|346,627
3227|130,203,207,237,245,281,290,305,310,726,930,935,949,961,963,992,993
3233|201,205,669,697,926
3234|446
3240|42,45,78,124,193,221,226,404,566,610,699,860
3242|342
3251|103,112,119,216,679,940,967
3253|621
3257|160
3263|366,631,730,793,822
3264|24,26,94,99,107,114,126,269,284,321,430,539,649,654,767,836,964,981
3269|714
3272|54,295
3281|18,681,797,817
3282|50,984
3286|128,547,793
3288|618,985
3289|582
3290|6,9,12,13,32,46,48,50,70,75,87,89,109,113,120,128,139,163,192,264,267,388,399,405,407,420,432,458,465,471,500,504,524,543,569,584,598,613,623,627,636,645,656,657,719,760,768,800,831,838,849,858,922
3293|439
3298|3,19,604,605,615,639,718,998
3306|724
3307|568
3309|33
3310|994
3313|362,839
3314|404
3315|7,106
3316|535,726
3323|3,172,263,275,509,581,721,959,987,996,997
3325|503
3327|709
3333|421
3336|703,726
3341|117
3342|67,160,669,697,700
3360|37,122,577,703
3363|117,123,143,157,191,234,629,662,824
3364|222,478,764,873
3367|628
3378|938
3382|393
3385|54
3387|197,323
3389|137,142,235,948
3401|990
3403|858
3406|11,16,82,83,118,133,366,459,548,578,618,622,632,638,668,732,748,814
3413|87,240,246,461
3424|738
3428|300,442,627,991
3429|227
3431|26,131,279,463,543,593,960
3435|206,461,907,932
3436|195,925
3440|466,985
3450|259
3460|11,45,49,77,129,153,181,459,573,607,609,654,714,819,884,897
3471|811
3473|172,659,756,758,762,764,765,988
3474|985
3477|377
3481|173,176,364,370,403,519,565,600,654,711,858,988
3484|663
3485|161,177
3490|212,227
3491|393
3495|606,625,627
3505|258,855
3520|200,215,309,487,537,933
3531|56,203,205
3533|125,199,273,814
3539|606
3541|735
3546|90,147,692,707,732
3548|179,201,926,946
3557|97,106,258
3559|168,175
3561|6,54,71,80,410,571,664,676,711,760,984
3565|67,169,300,646,656,661,667,710,728,743,789,821,825,858,998
3569|12,27,53,176,715,733,842,991
3570|156
3572|22,23,53,151
3579|45,140,566,685
3585|36,832
3588|2,155,181,183,233,238,244,247,258,364,927
3590|59,70,79,125,126,137,174,705,738,782,804,807
3591|282,526,665
3592|210
3595|48,83,96,121,147,157,161,166,179,201,235,291,458,552,569,579,635,651,746,777,789,833,838,864,892,897,902,912,913,929,948,966,994
3598|704
3599|104,121,148,199,236,278,294,310,561,794,821,828,831,928
3600|245
3602|343,749
3603|57,196,234,254,258,279,294,295,308,400,573,604,605,729,829,944,960,971,973,986
3605|6,75,415,985
3608|710
3610|218,219,248,548,942,988,989
3611|213,312,657,717,752,949,961,965
3612|710
3615|630,634,689,721,726,814,865,874
3616|818
3620|983
3625|498,621,804,930
3628|14,97,145,259,456,504,507,517,520,544,574,603,763,970,976
3629|576
3630|57,66,68,550
3634|1,66,74,345,505,511,536,549,643,644
3635|32,657,685
3640|516
3643|227,832
3645|338,408,409,441,647,991
3646|31
3647|61,74,80,121,166,176,198,231,549,663
3652|429,444,450,466,532
3656|8,647
3665|180,819
3666|684,794
3673|123,134,142,143,157,234
3676|10,157,230,687,874
3677|349,440,685
3679|19,73,94,136,478,545
3681|317
3683|86,166,734,755,780,953,988
3688|983
3690|716
3692|858
3696|145
3697|76,85,96,423,563,668,694,775,787,803
3698|52,63,67
3704|172,252,253,687,880,954
3706|308,401,565,971
3707|78,146,366,686,730,865
3710|161,910
3714|13,84
3716|10,25,99,115,152,165,187,376,395,399,407,579,731,794,812,894
3721|10,25,35,54,97,99,115,120,152,155,187,376,395,399,407,483,604,605,649,731,794,812,820,821,831,845,849,851,860,894,927,938
3739|871
3750|479
3774|689
3776|211,330,992
3779|16,60,61,71,77,80,200,365,396,398,416,431,476,478,495,508,554,556,707,729,738,768,771,852,857,876,933,937,986
3782|84,205,220,445,821,834,989
3783|162,280
3788|318
3803|526,561,665
3806|139
3810|183
3818|449,450,462,469,480
3820|464,572,696,755
3825|357,423
3826|10,67,209,324,535,546,563,607
3827|182,318,390
3828|1
3829|77,177,211,357,440,863,865,938
3832|474
3834|131,184,721
3836|447
3843|62
3876|32,703
3881|210,227,832
3890|679
3892|548,632,897
3894|83,747
3896|134
3899|399,407
3904|772
3907|328
3909|61,104,111,128,561,794,973
3914|16,33,110,112,177
3950|15,17,21,25,31,38,56,65,71,79,85,87,89,96,126,127,144,148,151,186,192,203,342,380,388,419,427,457,462,472,490,506,527,548,550,554,555,562,578,590,592,622,638,640,644,648,673,674,675,676,678,683,685,711,717,729,738,754,760,768,771,781,785,787,792,803,807,810,820,824,829,832,840,845,870,881
3964|980
3965|202,226
3968|62,328
3972|170,984
3974|648
3994|54,804
4004|610,617,633,666,698,844
4005|83,125,126,137,174,647,705,738,747,782,804
4011|100,255,280,521,728,790
4014|111
4025|725
4041|4,13,24,41,43,46,47,75,107,183,297,354,375,387,393,402,414,415,417,427,428,450,463,465,471,506,518,568,596,629,630,641,658,685,692,735,769,859,878
4051|258,855
4052|51,91
4053|839
4058|518
4060|606,672,675,706
4062|717
4063|190,980
4067|12,24,45,47,499