0|-221|0|秦统一六国
1|-9000|0|哥贝克力石阵
2|-2500|0|摩亨佐达罗
3|-292|1|罗得岛巨像
4|-197|0|帕加马图书馆
5|-300|2|麦罗埃
6|399|0|法显西行
7|465|0|祖冲之
8|493|0|迁都洛阳
9|751|0|怛罗斯之战
10|1189|1|第三次十字军
11|1453|1|君士坦丁堡陷落
12|711|1|塔里克
13|732|1|图尔之战
14|794|0|平安京迁都
15|980|0|丁先皇
16|1180|0|源平合战
17|1238|0|素可泰王朝
18|1250|0|奴隶王朝灭亡
19|1325|5|特诺奇蒂特兰
20|1428|5|阿兹特克联盟
21|1438|4|帕查库特克
22|1464|2|桑海帝国
23|1493|2|阿斯基亚大帝
24|1516|0|奥斯曼-马穆鲁克战争
25|1526|0|莫卧儿帝国建立
26|1528|1|奥斯曼攻占布达
27|1530|4|印加内战
28|1536|4|新印加王国
29|1543|0|铁炮传入
30|1549|0|沙勿略
31|1569|1|卢布林联合
32|1570|5|佛罗里达屠杀
33|712|0|平城京迁都
34|718|1|埃克洛加法典
35|788|2|伊德里斯王朝
36|850|0|室利佛逝
37|960|1|梅什科一世
38|968|0|丁先皇
39|980|1|蓝牙哈拉尔
40|1015|1|雅罗斯拉夫
41|1200|2|哈夫斯王朝
42|1212|1|拉斯纳瓦斯·德·托洛萨战役
43|1229|1|马略卡征服
44|1240|1|涅瓦河之战
45|1248|1|塞维利亚光复
46|1258|0|马拉盖天文台
47|1260|2|拜巴尔一世
48|1265|1|西蒙·德·蒙德福特议会
49|1273|1|哈布斯堡王朝
50|1282|1|西西里晚祷
51|1290|1|犹太人驱逐令
52|1350|0|哈菲兹
53|1366|0|满者伯夷
54|758|0|颜真卿
55|942|0|燕云十六州
56|1005|0|科举扩招
57|1057|0|嘉佑二年科举
58|1087|0|明州市舶司
59|1100|0|宣和画谱
60|1175|0|鹅湖之会
61|1190|0|四书章句集注
62|1297|0|关汉卿
63|759|0|杜甫
64|763|0|刘晏理财
65|924|0|南平建立
66|1008|0|宋真宗封禅
67|1079|0|乌台诗案
68|1119|0|宋江起义
69|1206|0|开禧北伐
70|1424|0|仁宣之治
71|1506|0|龙场悟道
72|1630|0|李自成起义
73|1077|1|卡诺莎之辱
74|1122|1|沃尔姆斯宗教协定
75|1298|1|马可·波罗游记
76|1309|1|阿维尼翁教廷
77|1418|1|恩里克王子
78|1475|1|米开朗基罗诞生
79|1581|1|荷兰共和国宣告独立
80|1609|1|开普勒定律
81|1664|1|法国东印度公司
82|1713|1|士兵王
83|1789|1|三级会议
84|1815|1|维也纳体系
85|1819|4|卡拉博博战役
86|1820|5|密苏里妥协
87|1822|4|伊皮兰加呼声
88|1823|5|门罗主义
89|1824|4|阿亚库乔战役
90|1825|1|斯托克顿-达林顿铁路
91|1825|1|十二月党人起义
92|1825|4|玻利维亚建国
93|1825|0|爪哇战争
94|1827|1|纳瓦里诺海战
95|1830|1|七月革命
96|1830|1|比利时独立
97|1830|5|印第安人迁移法
98|1831|1|里昂工人起义
99|1831|2|第一次土埃战争
100|1834|1|德意志关税同盟
101|1834|1|新济贫法
102|1835|5|德克萨斯革命
103|1835|0|道光朝白银外流加剧
104|1836|1|人民宪章
105|1836|2|布尔人大迁徙
106|1838|2|血河之战
107|1839|0|坦齐马特敕令
108|1840|0|鸦片战争
109|1840|3|《怀唐伊条约》
110|1842|0|南京条约
111|1843|0|虎门条约
112|1844|0|中美望厦条约
113|1844|1|西里西亚织工起义
114|1845|1|爱尔兰大饥荒
115|1845|0|第一次锡克战争
116|1846|1|谷物法废除
117|1846|5|美墨战争
118|1847|1|分离主义者联盟战争
119|1847|0|反入城斗争
120|1848|1|二月革命
121|1848|1|法兰克福国民议会
122|1848|1|维也纳三月革命
123|1848|1|匈牙利革命
124|1848|1|米兰五日
125|1848|1|《共产党宣言》发表
126|1849|1|匈牙利独立宣言
127|1851|0|金田起义
128|1857|0|印度民族大起义
129|1863|5|葛底斯堡战役
130|1871|1|巴黎公社
131|1903|1|布尔什维克
132|1905|0|中国同盟会
133|1911|0|黄花岗起义
134|1914|1|萨拉热窝事件
135|1915|0|二十一条
136|1917|1|二月革命
137|1917|0|贝尔福宣言
138|1918|1|基尔水兵起义
139|1918|3|西班牙流感
140|1918|1|塞尔维亚-克罗地亚-斯洛文尼亚王国
141|1919|1|巴黎和会
142|1919|1|山东问题
143|1919|0|希土战争
144|1919|0|三一运动
145|1920|1|国际联盟
146|1920|0|中国共产党诞生
147|1921|5|华盛顿会议
148|1922|0|苏联成立
149|1922|0|土耳其苏丹制废除
150|1923|1|鲁尔危机
151|1923|0|洛桑条约
152|1924|0|国民党一大
153|1924|0|黄埔军校
154|1924|5|排日移民法
155|1928|0|苏联第一个五年计划
156|1929|5|华尔街股灾
157|1929|0|古田会议
158|1930|0|中原大战
159|1932|0|一二八事变
160|1934|1|长刀之夜
161|1935|0|遵义会议
162|1935|1|意大利侵埃
163|1936|1|西班牙内战
164|1937|0|南京大屠杀
165|1937|0|平型关大捷
166|1939|0|苏德互不侵犯条约
167|1939|1|德国闪击波兰
168|1939|0|桂南会战
169|1940|1|黄色方案
170|1940|0|百团大战
171|1941|0|皖南事变
172|1941|0|莫斯科保卫战
173|1942|0|斯大林格勒战役
174|1943|2|开罗宣言
175|1944|0|豫湘桂会战
176|1945|0|雅尔塔协定
177|1945|0|原子弹轰炸日本
178|1945|0|日本投降
179|1946|0|政治协商会议
180|1946|5|铁幕演说
181|1946|1|纽伦堡审判
182|1947|5|杜鲁门主义
183|1947|5|马歇尔计划
184|1947|0|转战陕北
185|1947|0|中国土地法大纲
186|1947|0|印巴分治
187|1948|0|以色列建国
188|1948|0|淮海战役
189|1948|0|济州四三事件
190|1948|1|柏林封锁
191|1949|0|新政协
192|1949|1|北大西洋公约
193|1949|0|国民经济恢复时期
194|1949|0|土地改革运动
195|1950|0|银元之战
196|1950|0|朝鲜战争
197|1951|0|抗美援朝运动
198|1952|0|朝鲜停战协定
199|1954|0|五四宪法
200|1954|0|武汉长江大桥
201|1954|0|日内瓦会议
202|1955|0|农业合作化高潮
203|1956|0|社会主义制度确立
204|1956|0|中共八大
205|1957|0|正确处理人民内部矛盾
206|1957|0|整风运动
207|1958|0|大跃进
208|1958|0|炮击金门
209|1961|0|八字方针
210|1962|0|七千人大会
211|1964|0|两弹一星起步
212|1964|0|四个现代化
213|1964|0|三线建设
214|1965|0|人工合成结晶牛胰岛素
215|1968|0|南京长江大桥
216|1971|0|乒乓外交
217|1971|0|中国重返联合国
218|1972|0|尼克松访华
219|1972|0|尼克松访华
220|1972|0|中日邦交正常化
221|1973|0|邓小平复出
222|1973|0|袁隆平
223|1975|0|四个现代化
224|1976|0|三位伟人去世
225|1976|0|四五运动
226|1977|0|恢复高考
227|1978|0|实践是检验真理的唯一标准
228|1978|0|改革开放
229|1979|0|告台湾同胞书
230|1979|0|对越自卫反击战
231|1979|0|中美科技合作协定
232|1979|0|经济特区
233|1980|0|审判四人帮
234|1980|0|党和国家领导制度的改革
235|1981|0|关于建国以来党的若干历史问题的决议
236|1982|0|八二宪法
237|1982|0|中国特色社会主义
238|1983|0|星火计划
239|1983|0|三个面向
240|1984|0|中英联合声明
241|1984|0|城市经济体制改革
242|1984|0|沿海开放城市
243|1985|0|教育体制改革
244|1986|0|863计划
245|1987|0|社会主义初级阶段
246|1987|0|中葡联合声明
247|1988|0|火炬计划
248|1989|0|戈尔巴乔夫访华
249|1990|0|北京亚运会
250|1991|0|APEC成员
251|1991|0|浦东新区
252|1992|0|南方谈话
253|1992|0|南方谈话
254|1993|0|国家公务员制度
255|1994|0|分税制改革
256|1995|0|江八点
257|1995|0|科教兴国战略
258|1996|0|国家基础研究计划
259|1996|0|粮食安全
260|1998|0|九八抗洪
261|1998|0|机构改革
262|1999|0|澳门回归
263|1999|0|神舟一号
264|1999|0|西部大开发
265|1999|0|依法治国
266|2000|0|走出去战略
267|2000|0|西部大开发
268|2001|0|中国入世
269|2001|0|申奥成功
270|2001|0|上海APEC
271|2001|0|上海合作组织
272|2002|0|南水北调
273|2002|0|三个代表
274|2003|0|非典疫情
275|2003|0|神舟五号
276|2003|0|振兴东北
277|2003|0|新农合
278|2004|0|人权入宪
279|2005|0|反分裂国家法
280|2005|0|农业税废止
281|2006|0|和谐社会
282|2006|0|义务教育法修订
283|2008|0|汶川大地震
284|2008|0|北京奥运会
285|2009|0|京津城际铁路
286|2009|0|新医改
287|2010|0|上海世博会
288|2010|0|上海世博会
289|2011|0|城乡居民养老保险
290|2012|0|全面建成小康社会
291|2013|0|一带一路倡议
292|2013|0|上海自贸区
293|2013|0|全面深化改革
294|2014|0|国家宪法日
295|2014|0|国家公祭日
296|2015|0|脱贫攻坚战
297|2015|0|习马会
298|2015|0|屠呦呦
299|2015|0|中国制造2025
300|2016|0|南海仲裁案
301|2016|0|中国天眼
302|2016|0|G20杭州峰会
303|2016|0|慈善法
304|2016|0|健康中国
305|2017|0|习近平新时代中国特色社会主义思想
306|2017|0|C919
307|2017|0|乡村振兴战略
308|2018|0|国家监察体制改革
309|2018|0|港珠澳大桥
310|2018|0|习近平新时代中国特色社会主义思想入宪
311|2019|0|大兴机场
312|2019|0|公民道德建设
313|2020|0|抗击新冠疫情
314|2020|0|民法典
315|2020|0|天问一号
316|2020|0|RCEP
317|2020|0|教育评价改革
318|2021|0|三孩政策
319|2021|0|乡村振兴局
320|2021|0|交通强国
321|2022|0|北京冬奥会
322|2022|0|中国式现代化
323|2022|0|人口负增长
324|2022|0|数字经济
325|2023|0|国产大型邮轮
326|2023|0|爱国主义教育法
327|2024|0|人大制度70周年
328|2024|0|嫦娥六号
329|2024|0|中法建交60周年
330|2024|0|进一步全面深化改革
331|2024|0|教育强国
332|2025|0|哈尔滨亚冬会
333|2025|0|抗战胜利80周年
334|2025|0|中俄蒙合作
335|2025|0|扩大内需
336|2025|0|乡村全面振兴
337|2026|0|新质生产力
338|2026|0|“十四五”收官
339|-3000|0|苏美尔城邦
340|-2600|0|摩亨佐达罗
341|-2180|0|乌尔纳姆法典
342|-2070|0|夏朝建立
343|-1300|0|盘庚迁殷
344|-1042|0|周公东征
345|-1040|0|宗法制
346|-1038|0|礼乐制度
347|-1020|0|成康之治
348|-841|0|共和元年
349|-771|0|烽火戏诸侯
350|-770|0|平王东迁
351|-770|0|春秋时期
352|-651|0|葵丘会盟
353|-597|0|邲之战
354|-490|1|马拉松战役
355|-480|1|萨拉米斯海战
356|-479|1|普拉提亚战役
357|-479|0|孔子逝世
358|-476|0|战国时期开始
359|-475|0|战国时代
360|-468|1|索福克勒斯
361|-460|1|希波克拉底
362|-431|1|伯罗奔尼撒战争爆发
363|-424|1|修昔底德
364|-399|1|苏格拉底审判
365|-387|1|柏拉图学园
366|-384|1|亚里士多德诞生
367|-356|1|腓力二世即位
368|-338|1|喀罗尼亚战役
369|-336|1|腓力二世遇刺
370|-334|1|格拉尼库斯河战役
371|-332|0|推罗围攻战
372|-331|2|亚历山大港建城
373|-326|0|希达斯皮斯河战役
374|-274|0|阿育王继位
375|-265|1|罗马统一意大利半岛
376|-264|1|第一次布匿战争爆发
377|-256|0|都江堰
378|-246|0|帕提亚帝国建国
379|-241|1|埃加迪群岛海战
380|-221|0|秦朝建立
381|-221|0|书同文
382|-221|0|秦长城
383|-221|0|灵渠
384|-221|0|焚书坑儒
385|-219|1|萨贡托围攻战
386|-218|1|汉尼拔翻越阿尔卑斯山
387|-202|2|扎马战役
388|-202|0|西汉建立
389|-202|0|汉承秦制
390|-202|0|休养生息政策
391|-195|0|汉承秦制
392|-180|0|文景之治
393|-168|0|马王堆汉墓
394|-154|0|七国之乱
395|-146|2|第三次布匿战争
396|-140|0|汉武帝即位
397|-140|0|天人感应
398|-140|0|汉武盛世
399|-138|0|张骞第一次出使西域
400|-136|0|罢黜百家独尊儒术
401|-134|0|察举制
402|-133|0|马邑之谋
403|-133|1|格拉古兄弟改革
404|-127|0|卫青收复河套
405|-121|0|霍去病征河西
406|-119|0|漠北之战
407|-119|0|张骞第二次出使西域
408|-119|0|盐铁官营
409|-119|0|盐铁官营
410|-118|0|五铢钱发行
411|-110|0|太初改历
412|-110|0|均输平准
413|-110|0|五铢钱
414|-107|1|马略军事改革
415|-100|0|司马迁著史记
416|-100|0|苏武北海牧羊
417|-100|1|罗马共和国后期
418|-73|1|斯巴达克斯起义爆发
419|-60|1|前三头同盟成立
420|-60|0|西域都护
421|-55|1|凯撒入侵不列颠
422|-54|0|呼韩邪单于归汉
423|-49|1|凯撒渡过卢比孔河
424|-44|1|凯撒遇刺
425|-33|0|汉匈和平
426|-31|1|阿克兴海战
427|-27|1|罗马帝国建立
428|1|1|罗马帝国早期
429|9|0|王莽篡汉
430|14|1|奥古斯都去世
431|25|0|光武中兴
432|73|0|班超出使西域
433|92|0|班固
434|98|1|图拉真继位
435|105|0|蔡伦
436|132|0|地动仪
437|166|0|大秦使者来华
438|184|0|黄巾起义
439|184|0|党锢之祸
440|196|0|曹操挟天子以令诸侯
441|200|0|官渡之战
442|208|0|赤壁之战
443|212|1|卡拉卡拉敕令
444|220|0|曹丕篡汉
445|220|0|九品中正制
446|221|0|刘备称帝
447|222|0|孙权称王
448|230|0|卫温率船队到达夷洲
449|263|0|魏灭蜀
450|266|0|司马炎篡魏
451|280|0|太康之治
452|285|0|戴克里先即位
453|291|0|八王之乱
454|304|0|刘渊建国
455|313|1|米兰敕令
456|316|0|长安陷落
457|317|0|东晋建立
458|325|0|尼西亚大公会议
459|330|1|君士坦丁堡建都
460|380|1|萨洛尼卡敕令
461|383|0|风声鹤唳
462|386|0|北魏建立
463|395|1|罗马帝国永久分裂
464|406|1|汪达尔人等日耳曼部落渡过莱茵河
465|410|1|西哥特人攻陷罗马
466|420|0|刘裕篡晋
467|420|0|南朝
468|429|2|汪达尔人进入北非
469|439|0|北魏统一北方
470|451|1|沙隆战役
471|476|1|西罗马帝国灭亡
472|481|1|法兰克王国建立
473|485|0|均田制
474|494|0|孝文帝迁都洛阳
475|496|1|克洛维受洗
476|507|1|武耶战役
477|524|0|六镇起义
478|527|0|梁武帝舍身同泰寺
479|529|1|圣本笃会规
480|550|0|东魏
481|551|0|贾思勰
482|554|1|拜占庭征服意大利
483|568|1|伦巴第人入侵意大利
484|580|0|府兵制
485|581|0|杨坚代周建隋
486|584|0|三省六部制
487|605|0|赵州桥
488|605|0|涿郡
489|605|0|隋炀帝开凿大运河
490|605|0|科举制创立
491|611|0|王薄起义
492|618|0|晋阳起兵
493|622|0|希吉拉迁徙
494|624|0|白德尔战役
495|626|0|玄武门之变
496|627|0|贞观之治
497|630|0|征服麦加
498|632|0|阿拉伯统一完成
499|636|0|雅尔穆克战役
500|637|0|卡迪西亚战役
501|641|0|文成公主入藏
502|642|2|阿拉伯征服埃及
503|646|0|玄奘归国
504|647|0|安西都护府
505|649|0|唐太宗去世
506|661|0|倭马亚王朝建立
507|667|0|安东都护府
508|690|0|武则天称帝
509|705|0|神龙政变
510|710|0|唐隆政变
511|712|0|唐玄宗即位
512|732|1|图尔战役
513|738|0|靺鞨
514|750|0|扎卜河战役
515|751|0|怛罗斯战役
516|753|0|天宝危机
517|755|0|安史之乱
518|756|0|马嵬驿兵变
519|762|0|巴格达建都
520|763|0|安史之乱结束
521|780|0|两税法
522|786|0|哈伦·拉希德即位
523|821|0|长庆会盟
524|827|1|阿拉伯征服西西里
525|835|0|甘露之变
526|843|1|凡尔登条约签订
527|860|0|基辅罗斯建立
528|866|1|阿尔弗雷德大帝即位
529|868|0|金刚经
530|874|0|王仙芝起义
531|875|0|黄巢起义
532|907|0|朱温篡唐
533|911|1|圣克莱尔条约
534|916|0|耶律阿保机称帝
535|916|0|契丹文字
536|947|0|辽太宗
537|960|0|陈桥兵变
538|961|0|杯酒释兵权
539|962|1|奥托一世加冕
540|1004|0|澶州之战
541|1005|0|澶渊之盟
542|1038|0|元昊称帝
543|1054|1|东西教会大分裂
544|1069|0|王安石变法
545|1077|1|卡诺莎悔罪
546|1096|1|贫民十字军
547|1115|0|女真
548|1118|0|圣殿骑士团成立
549|1122|1|沃尔姆斯宗教协定
550|1127|0|南宋建立
551|1140|0|郾城大捷
552|1141|0|绍兴和议
553|1144|0|埃德萨陷落
554|1152|1|巴黎大学成立
555|1154|1|金雀花王朝建立
556|1166|1|牛津大学起源
557|1189|1|狮心王理查即位
558|1206|0|成吉思汗建国
559|1211|0|野狐岭之战
560|1212|1|拉斯纳瓦斯德托洛萨战役
561|1215|1|大宪章签署
562|1220|1|方济各会成立
563|1229|1|阿尔比十字军结束
564|1234|0|金朝灭亡
565|1241|1|莱格尼察战役
566|1248|1|塞维利亚光复
567|1250|2|曼苏拉战役
568|1254|1|托马斯·阿奎那
569|1265|1|西门·德·蒙德福特召开议会
570|1271|0|忽必烈改国号
571|1271|0|行省制度
572|1271|0|四等人制
573|1273|1|哈布斯堡家族崛起
574|1276|0|元军攻陷临安
575|1279|0|崖山海战
576|1281|0|郭守敬
577|1284|1|梅洛里亚海战
578|1291|1|瑞士永久同盟建立
579|1302|1|三级会议首次召开
580|1305|1|阿维尼翁教廷
581|1309|1|但丁《神曲》
582|1310|1|乔托钟楼动工
583|1337|1|百年战争爆发
584|1346|1|克雷西战役
585|1348|1|薄伽丘《十日谈》
586|1351|0|红巾军起义
587|1356|1|普瓦提埃战役
588|1358|1|扎克雷起义
589|1360|1|布勒丁尼条约
590|1368|0|明朝建立
591|1368|0|明初专制
592|1370|0|帖木儿帝国建立
593|1378|1|天主教会大分裂
594|1381|1|瓦特·泰勒起义
595|1389|1|科索沃战役
596|1389|1|教皇返回罗马
597|1400|1|乔叟《坎特伯雷故事集》
598|1405|0|郑和下西洋
599|1406|0|北京城营建