600|1410|1|格伦瓦尔德战役
601|1415|2|葡萄牙攻占休达
602|1420|1|胡斯战争爆发
603|1431|1|贞德殉道
604|1434|1|美第奇家族
605|1434|1|美第奇家族崛起
606|1440|1|佛罗伦萨大教堂穹顶建成
607|1440|1|谷登堡发明活字印刷术
608|1444|1|瓦尔纳战役
609|1449|0|土木堡之变
610|1450|1|威尼斯文艺复兴
611|1453|1|卡斯蒂永战役
612|1455|1|玫瑰战争爆发
613|1469|1|西班牙双王联姻
614|1475|1|波提切利《春》
615|1480|1|达·芬奇
616|1485|1|博斯沃思战役
617|1485|1|威尼斯印刷业繁荣
618|1488|1|迪亚士到达好望角
619|1494|1|意大利战争爆发
620|1495|1|康布雷同盟战争
621|1498|1|《最后的晚餐》完成
622|1499|1|瑞士独立
623|1500|1|佩德罗·卡布拉尔发现巴西
624|1503|1|拉斐尔
625|1506|1|圣彼得大教堂重建
626|1506|0|王阳明龙场悟道
627|1508|1|米开朗基罗西斯廷礼拜堂壁画
628|1509|1|伊拉斯谟《愚人颂》
629|1511|0|葡萄牙占领马六甲
630|1513|1|马基雅维利《君主论》
631|1514|1|多热起义
632|1516|1|伊拉斯谟《基督教骑士手册》
633|1516|1|威尼斯犹太人隔都
634|1517|1|九十五条论纲
635|1521|1|沃尔姆斯帝国会议
636|1521|5|西班牙征服阿兹特克帝国
637|1524|1|德意志农民战争爆发
638|1525|1|普鲁士公国成立
639|1526|1|莫哈奇战役
640|1526|0|莫卧儿帝国建立
641|1527|1|罗马之劫
642|1529|1|维也纳之围
643|1529|1|英国宗教改革开始
644|1534|1|加尔文宗建立
645|1535|4|西班牙征服印加帝国
646|1536|1|《至尊法案》通过
647|1539|1|法语成为官方语言
648|1540|1|耶稣会成立
649|1541|1|帕拉第奥
650|1543|1|维萨里《人体构造》
651|1545|1|特伦托大公会议
652|1549|0|沙勿略抵日
653|1553|1|玛丽一世即位
654|1555|1|奥格斯堡和约
655|1558|1|伊丽莎白一世即位
656|1562|1|瓦西惨案
657|1565|0|西班牙殖民菲律宾
658|1565|1|马耳他大围攻
659|1566|1|破坏圣像运动
660|1568|1|阿尔普哈拉起义
661|1572|1|圣巴托洛缪惨案
662|1572|1|海上乞丐占领布里勒
663|1576|1|根特协定
664|1577|1|德雷克环球航行
665|1579|1|乌得勒支同盟签订
666|1580|1|威尼斯瘟疫
667|1581|1|断绝法案
668|1585|1|莎士比亚
669|1587|1|玛丽·斯图亚特被处决
670|1588|1|无敌舰队覆灭
671|1598|1|南特敕令
672|1603|1|詹姆斯一世即位
673|1603|0|江户幕府建立
674|1606|1|荷兰东印度公司成立
675|1607|5|詹姆斯敦建立
676|1609|1|阿姆斯特丹银行成立
677|1610|1|亨利四世遇刺
678|1616|0|后金建立
679|1618|1|掷出窗外事件
680|1619|1|《五月花号公约》
681|1619|5|首批非洲奴隶抵达
682|1620|1|清教徒移民普利茅斯
683|1624|1|新阿姆斯特丹建立
684|1628|1|《权利请愿书》
685|1630|5|马萨诸塞湾殖民地建立
686|1632|1|维米尔诞生
687|1632|1|伽利略《关于两大世界体系的对话》出版
688|1636|0|改国号清
689|1637|1|笛卡尔《方法论》出版
690|1640|1|长期国会召开
691|1642|1|英国内战爆发
692|1644|1|马斯顿荒原战役
693|1644|0|清军入关
694|1645|1|纳斯比战役
695|1645|0|剃发令
696|1647|1|平等派运动
697|1649|1|查理一世被处决
698|1653|1|克伦威尔护国公政体
699|1660|1|斯图亚特王朝复辟
700|1662|0|永历帝被杀
701|1665|1|伦敦大瘟疫
702|1666|1|伦敦大火
703|1667|1|荷兰突袭梅德韦
704|1670|1|凡尔赛宫兴建
705|1672|1|《信仰自由宣言》
706|1685|1|詹姆斯二世即位
707|1687|1|牛顿《自然哲学的数学原理》
708|1688|1|光荣革命
709|1689|0|尼布楚条约
710|1689|1|《宽容法案》
711|1694|1|英格兰银行成立
712|1699|1|《卡洛维茨条约》
713|1701|1|腓特烈一世加冕
714|1703|0|圣彼得堡奠基
715|1709|0|波尔塔瓦战役
716|1713|1|《国本诏书》
717|1727|0|驻藏大臣设立
718|1727|0|中俄布连斯奇条约
719|1740|1|玛丽亚·特蕾西亚即位
720|1740|1|腓特烈二世即位
721|1748|1|孟德斯鸠《论法的精神》
722|1751|1|狄德罗《百科全书》
723|1755|1|里斯本大地震
724|1759|1|《物种起源》前奏
725|1762|0|叶卡捷琳娜二世即位
726|1762|1|卢梭《社会契约论》
727|1764|1|瓦特改良蒸汽机
728|1765|1|《印花税法案》
729|1768|1|皇家艺术学院成立
730|1770|1|贝多芬诞生
731|1772|1|第一次瓜分波兰
732|1773|5|波士顿倾茶事件
733|1774|1|古斯塔夫三世政变
734|1776|5|《常识》
735|1776|1|吉本《罗马帝国衰亡史》
736|1777|5|萨拉托加大捷
737|1780|0|四库全书
738|1780|0|《武装中立宣言》
739|1781|1|康德《纯粹理性批判》
740|1782|1|瓦特双向式蒸汽机
741|1783|1|蒙哥尔费热气球
742|1783|1|科茨沃尔德运河通航
743|1784|1|《印度法案》
744|1786|1|卡隆财政改革
745|1788|3|英国首批流犯抵达
746|1788|1|法国三级会议前紧张局势
747|1789|1|网球场誓言
748|1790|1|《教士公民组织法》
749|1791|1|路易十六出逃瓦雷讷
750|1792|1|八月十日起义
751|1792|1|九月屠杀
752|1793|1|雅各宾派执政
753|1794|1|热月政变
754|1795|1|督政府成立
755|1796|1|巴贝夫平等派密谋
756|1796|1|拿破仑意大利战役
757|1797|1|果月十八日政变
758|1798|2|拿破仑远征埃及
759|1799|1|雾月政变
760|1800|1|法兰西银行成立
761|1801|1|《教务专约》
762|1802|1|拿破仑任终身执政
763|1803|5|路易斯安那购地
764|1804|1|《拿破仑法典》颁布
765|1804|1|拿破仑加冕称帝
766|1805|1|乌尔姆战役
767|1806|1|耶拿-奥尔施泰特战役
768|1807|1|法兰西大学建立
769|1808|1|马德里起义
770|1809|1|维也纳战役
771|1810|1|柏林大学成立
772|1812|1|《儿童工厂法》
773|1812|5|美英战争爆发
774|1812|1|征俄战争
775|1813|1|莱比锡民族大会战
776|1814|1|巴黎条约
777|1815|1|维也纳会议
778|1815|1|滑铁卢战役
779|1819|1|彼得卢屠杀
780|1820|5|密苏里妥协
781|1821|1|希腊独立战争爆发
782|1823|5|门罗宣言
783|1824|1|《流浪法》
784|1825|0|十二月党人起义
785|1829|1|希腊独立
786|1830|1|七月革命
787|1830|1|比利时独立
788|1831|5|纳特·特纳起义
789|1832|1|议会改革法案通过
790|1834|1|德国关税同盟
791|1834|1|《新济贫法》
792|1836|5|得克萨斯共和国独立
793|1837|1|维多利亚女王即位
794|1838|1|宪章运动第一次请愿
795|1839|0|虎门销烟
796|1839|0|开眼看世界
797|1840|1|黑奴贸易废除
798|1842|0|南京条约
799|1842|1|《莱茵报》创办
800|1844|1|西里西亚织工起义
801|1846|1|《谷物法》废除
802|1847|1|分离主义者联盟战争
803|1847|2|利比里亚独立
804|1847|1|《共产党宣言》手稿完成
805|1848|1|六月起义
806|1848|1|维也纳十月起义
807|1849|1|匈牙利宣布独立
808|1850|0|天地会起义
809|1851|0|金田起义
810|1854|5|共和党成立
811|1854|5|堪萨斯内战
812|1856|0|第二次鸦片战争
813|1857|1|《印度民族起义》
814|1858|1|达尔文-华莱士论文发表
815|1860|5|南卡罗来纳脱离联邦
816|1860|0|火烧圆明园
817|1861|0|农奴制改革
818|1862|5|《宅地法》
819|1863|5|葛底斯堡演说
820|1864|1|第一国际成立
821|1865|5|宪法第十三修正案
822|1866|1|萨多瓦战役
823|1867|5|阿拉斯加购地
824|1867|5|加拿大自治领成立
825|1868|5|总统弹劾案
826|1869|5|太平洋铁路贯通
827|1870|1|教皇国灭亡
828|1871|1|德意志帝国宪法
829|1872|5|黄石国家公园建立
830|1873|1|世界经济危机
831|1875|1|法兰西第三共和国宪法
832|1876|5|爱迪生实验室建立
833|1878|1|柏林会议
834|1879|5|门罗主义修正
835|1881|0|亚历山大二世遇刺
836|1882|1|德奥意三国同盟
837|1883|0|喀拉喀托火山爆发
838|1884|1|柏林西非会议
839|1885|1|奔驰一号
840|1885|1|刚果自由邦建立
841|1886|5|干草市场暴乱
842|1887|1|埃菲尔铁塔动工
843|1887|1|保加利亚危机
844|1888|1|威廉二世即位
845|1889|1|第二国际成立
846|1890|5|伤膝河大屠杀
847|1890|1|柏林工人保护法
848|1891|1|《新教皇通谕》
849|1891|4|巴西第一共和国
850|1892|0|俄国工业革命
851|1893|5|福特制造第一辆汽车
852|1894|0|东学党起义
853|1894|1|德雷福斯事件
854|1894|0|甲午战争
855|1895|1|弗洛伊德《癔症研究》
856|1895|0|公车上书
857|1895|0|强学会
858|1896|5|普莱西诉弗格森案
859|1896|1|马可尼无线电报
860|1897|1|第一届犹太复国主义大会
861|1898|1|居里夫人发现镭
862|1898|0|戊戌变法
863|1898|0|戊戌六君子
864|1899|1|海牙和平会议
865|1900|1|量子论诞生
866|1900|0|义和团运动
867|1905|0|五大臣出洋
868|1911|0|辛亥革命
869|1912|0|北洋军阀
870|1912|0|中华民国成立
871|1913|0|善后大借款
872|1915|0|新文化运动
873|1915|0|袁世凯称帝
874|1916|1|广义相对论
875|1917|0|护法运动
876|1918|0|文学革命
877|1919|0|五四运动
878|1919|0|马克思主义传播
879|1920|0|中国共产党发起组
880|1920|0|白话文运动
881|1921|0|中国共产党成立
882|1922|0|中共二大
883|1923|0|京汉铁路工人大罢工
884|1924|0|黄埔军校创办
885|1925|0|省港大罢工
886|1926|0|北伐战争
887|1927|0|南昌起义
888|1927|0|秋收起义
889|1927|0|中共五大
890|1927|0|湘赣边秋收起义
891|1928|0|井冈山会师
892|1929|0|古田会议
893|1931|0|中华苏维埃共和国
894|1931|0|第一次反“围剿”
895|1934|0|湘江战役
896|1935|0|吴起镇会师
897|1935|0|瓦窑堡会议
898|1935|0|一二·九运动
899|1937|0|七七事变
900|1937|0|淞沪会战
901|1937|0|南京大屠杀
902|1937|0|洛川会议
903|1937|0|忻口会战
904|1938|0|六届六中全会
905|1940|0|百团大战
906|1941|0|大生产运动
907|1941|0|整风运动
908|1945|0|中共七大
909|1945|0|重庆谈判
910|1945|0|毛泽东思想
911|1946|0|军调部
912|1947|0|枣林沟会议
913|1948|0|九月会议
914|1948|0|土地改革
915|1948|0|三大战役
916|1949|0|七届二中全会
917|1949|0|开国大典
918|1949|0|新政协召开
919|1950|0|抗美援朝
920|1950|0|抗美援朝
921|1950|0|废除封建土地制度
922|1951|0|和平解放西藏
923|1951|0|“三反”“五反”运动
924|1953|0|过渡时期总路线
925|1953|0|粮棉油统购统销
926|1953|0|和平共处五项原则
927|1953|0|第一个五年计划
928|1954|0|五四宪法
929|1955|0|万隆会议
930|1956|0|社会主义改造完成
931|1956|0|双百方针
932|1957|0|整风运动
933|1957|0|武汉长江大桥
934|1958|0|大跃进
935|1958|0|人民公社
936|1959|0|发现大庆油田
937|1964|0|工业学大庆
938|1964|0|第一颗原子弹爆炸成功
939|1970|0|东方红一号
940|1971|0|乒乓外交
941|1971|0|重返联合国
942|1972|0|美国总统尼克松访华
943|1978|0|十一届三中全会
944|1978|0|家庭联产承包责任制
945|1979|0|告台湾同胞书
946|1979|0|坚持四项基本原则
947|1980|0|经济特区
948|1981|0|关于建国以来党的若干历史问题的决议
949|1982|0|建设有中国特色的社会主义
950|1984|0|经济体制改革
951|1990|0|浦东开发开放
952|1992|0|中共十四大
953|1992|0|九二共识
954|1992|0|邓小平南方谈话
955|1997|0|香港回归
956|1999|0|澳门回归
957|2001|0|中国加入世贸组织
958|2001|0|中国加入世界贸易组织
959|2003|0|神舟五号
960|2005|0|反分裂国家法
961|2005|0|建设社会主义新农村
962|2005|0|和谐世界
963|2006|0|社会主义荣辱观
964|2008|0|北京奥运会
965|2013|0|建设海洋强国
966|2013|0|一带一路倡议
967|2014|0|中国特色大国外交
968|2016|0|健康中国2030
969|2017|0|党的十九大
970|2017|0|雄安新区
971|2018|0|国家监察体制改革
972|2019|0|不忘初心
973|2019|0|国家勋章
974|2019|0|北京大兴国际机场
975|2020|0|民法典
976|2020|0|香港国安法
977|2020|0|脱贫攻坚战全面胜利
978|2020|0|新时代的爱国主义
979|2021|0|建党100周年
980|2021|0|中国空间站
981|2022|0|北京冬奥会
982|2023|0|中国式现代化
983|2012|0|辽宁舰
984|2016|0|李保国
985|1962|0|焦裕禄
986|2009|0|黄大年
987|1950|0|抗美援朝精神
988|1971|0|基辛格秘密访华
989|1972|0|尼克松访华
990|2001|0|WTO
991|2013|0|军队信息化改革
992|2035|0|两步走战略
993|2012|0|五位一体总体布局
994|2021|0|十九届六中全会
995|1952|0|黄继光
996|2008|0|汶川地震
997|2003|0|非典
998|1980|0|刘少奇平反
999|1949|0|华东军区海军